[7.557347635540505e-11, 7.425287252253607e-11, 7.45239669218512e-11, 7.348282421753175e-11, 7.620791837143608e-11, 7.470858512038092e-11, 7.49477408578104e-11, 7.654922865425627e-11]
[7.633010974672978e-11, 7.860197446627275e-11, 7.997090815867699e-11, 7.251470848716741e-11, 7.424557377449361e-11, 7.531388606354814e-11, 6.917066989522357e-11, 6.983719927625693e-11]
[5.82494687005779e-11, 7.497632932201568e-11, 6.031110710715868e-11, 5.573844847568615e-11, 5.993513708586714e-11, 7.156562138966785e-11, 5.3106733191093565e-11, 6.026444505599107e-11]
[8.375314986052485e-11, 6.945812512509573e-11, 6.164459775340329e-11, 5.813546217318038e-11, 7.28347464007477e-11, 6.040309493093326e-11, 7.073470250897278e-11, 7.193582047471005e-11]
[8.192837912062221e-11, 6.538895523289206e-11, 6.952089414274242e-11, 6.637539931123179e-11, 5.857531067286109e-11, 6.285499406476524e-11, 5.949589597116992e-11, 5.3921652397307725e-11]
[6.53881863873462e-11, 6.481450328738434e-11, 7.074586518175764e-11, 6.899471465585814e-11, 7.204520379098309e-11, 5.7863706349872385e-11, 5.622818031750731e-11, 5.7062949962064584e-11]
[8.162961188011036e-11, 7.110162156910219e-11, 7.29572940519059e-11, 6.812759990098784e-11, 6.313479211473164e-11, 5.83639657603497e-11, 5.681070225128135e-11, 6.086973728899947e-11]
[6.807988749848126e-11, 6.575565322439437e-11, 7.299780207095702e-11, 6.949839321009497e-11, 7.120213304608542e-11, 6.428975958675333e-11, 5.683803283121487e-11, 6.828447552553351e-11]
[5.567531169126956e-11, 6.105578197326256e-11, 8.260250894840147e-11, 7.14511094105954e-11, 7.127492585816097e-11, 7.994628165486157e-11, 7.095113606911961e-11, 6.944252328994022e-11]
[6.209695651479293e-11, 6.061561518479423e-11, 6.265593921672718e-11, 7.286096553737675e-11, 6.592355715594988e-11, 7.601414297595558e-11, 7.827223338252415e-11, 7.789275202927286e-11]
[5.8910371411191e-11, 6.25863333230729e-11, 6.480071295777457e-11, 7.502771472713177e-11, 7.692572599013534e-11, 7.104586957986736e-11, 6.472749841387347e-11, 6.319552152846532e-11]
[7.901512535960365e-11, 6.796935871302702e-11, 6.47007229049651e-11, 7.617232641973748e-11, 6.320199951682812e-11, 6.359951971424292e-11, 5.418886008859391e-11, 5.441949766709887e-11]
[8.184027817955344e-11, 5.879477872146286e-11, 5.326464041956689e-11, 5.993834320299244e-11, 7.160516365698792e-11, 6.750845834032922e-11, 6.881338102054683e-11, 6.874369022307666e-11]
[7.375880215473156e-11, 6.812068010120411e-11, 5.342991155136389e-11, 5.957857043215324e-11, 5.4595398035917394e-11, 5.3728984158764374e-11, 5.756511107163997e-11, 4.8440688993321777e-11]
[5.800633626006712e-11, 5.6093724487185174e-11, 6.558942968696099e-11, 6.837184147362443e-11, 6.761465665261615e-11, 5.7799225053170745e-11, 5.827835693107771e-11, 7.075127443242127e-11]
[7.941353450119641e-11, 7.761623459987953e-11, 7.272698580103042e-11, 7.012705851866569e-11, 7.373390729852817e-11, 7.322388730220864e-11, 7.544006410547641e-11, 7.933206112261614e-11]
[7.318222633162738e-11, 7.585600427360553e-11, 7.585600427603836e-11, 7.31822263344486e-11, 6.937833294399726e-11, 6.937833294235779e-11, 7.638019384470613e-11, 7.638019384154542e-11]
[5.208028738854734e-11, 5.986466288213974e-11, 5.785519461999261e-11, 5.614980809022896e-11, 5.624354989870323e-11, 7.726800867113561e-11, 6.980901923758659e-11, 7.117324954094415e-11]
[8.387401981265828e-11, 6.659920319680428e-11, 7.506313484990837e-11, 7.329903176996119e-11, 6.408831310395418e-11, 7.362117245879918e-11, 7.587602401947433e-11, 7.630229479240235e-11]
[7.508824348117239e-11, 8.011232743246886e-11, 7.637261954008205e-11, 7.472065472687299e-11, 7.409253616499157e-11, 7.804498701603978e-11, 6.640859859280845e-11, 7.280852298234097e-11]
[7.991062638320613e-11, 7.602058298464535e-11, 7.877407277434825e-11, 7.369170293551384e-11, 7.712151055647315e-11, 7.61184738933424e-11, 8.222951688593618e-11, 8.433359514401856e-11]
[6.139390381454631e-11, 5.605691049515467e-11, 4.955111539984254e-11, 6.180767125013772e-11, 6.182133693963407e-11, 6.558038041155962e-11, 7.07080700860951e-11, 8.204820591233523e-11]
[7.510465162369308e-11, 7.660550812183647e-11, 7.42970958625223e-11, 7.743284189364915e-11, 7.471742295548361e-11, 7.027465092018075e-11, 7.672632704517173e-11, 7.166571764759354e-11]
[6.014487187215126e-11, 6.066662675097904e-11, 6.149184063344053e-11, 6.070844438328323e-11, 7.171714252887425e-11, 7.740239956093182e-11, 7.67322285792468e-11, 7.698554323358796e-11]
[7.217762815323966e-11, 7.190933347761019e-11, 7.064025289663522e-11, 6.460460167220552e-11, 7.486186508111595e-11, 5.311634672052434e-11, 6.387629723545672e-11, 8.23871776756722e-11]
[5.450211306693494e-11, 4.844058247713815e-11, 5.7436034128175044e-11, 6.921647195687482e-11, 5.962803445537775e-11, 7.645471170216034e-11, 5.178690233021102e-11, 5.1827163856983285e-11]
[7.957727702460041e-11, 5.09456222200621e-11, 5.796385588401964e-11, 5.226415798061356e-11, 6.088245563660421e-11, 6.345970192906026e-11, 5.381612117578134e-11, 5.076846556657428e-11]
[5.805729072862259e-11, 7.742179186600261e-11, 6.270624425886092e-11, 6.810562922044818e-11, 7.33430951004133e-11, 6.118499634967807e-11, 5.7938339505814715e-11, 7.78947766670215e-11]
[6.997747706734743e-11, 7.169899187482464e-11, 6.978251940229282e-11, 7.381597830125431e-11, 7.290458726970977e-11, 7.279236008603794e-11, 7.006582785681742e-11, 6.817652215714417e-11]
[5.93734738483078e-11, 6.022590223604918e-11, 7.28134573153547e-11, 6.136441342338185e-11, 5.907507353061078e-11, 6.223643041400147e-11, 5.4258788647724864e-11, 8.349099078931772e-11]
[7.91931465300623e-11, 7.606953160420406e-11, 7.433908843680808e-11, 7.437968467291828e-11, 7.023504182660573e-11, 7.836197310091188e-11, 7.511887365651637e-11, 7.788234392002022e-11]
[5.856921800860613e-11, 5.659214788705214e-11, 6.068861837110147e-11, 6.489814092187548e-11, 5.851135452527343e-11, 5.243190718238305e-11, 5.5638868155062205e-11, 6.490001149509505e-11]
[6.828684119820445e-11, 6.274740760120554e-11, 5.197491844282491e-11, 5.6610143317544405e-11, 6.041427707521832e-11, 5.951084441130168e-11, 5.2413126211860695e-11, 4.831655594387339e-11]
[7.803993361627847e-11, 7.108403956281369e-11, 7.791469075383851e-11, 7.174729604207277e-11, 7.243242413159144e-11, 6.254697951639456e-11, 6.265357463811108e-11, 6.801214849583404e-11]
[6.400622514360421e-11, 6.634167439833792e-11, 5.961182961391975e-11, 5.681833237390841e-11, 7.694305823840626e-11, 5.3840916151436224e-11, 7.937495716117108e-11, 5.551060043615933e-11]
[6.726335022131662e-11, 6.066069257421502e-11, 5.456345840684292e-11, 6.686404853403045e-11, 7.014720859522847e-11, 5.643299725785398e-11, 7.455292027352121e-11, 7.616559335581788e-11]
[5.412804113329651e-11, 6.381744841893275e-11, 6.381744843201321e-11, 7.190595815186008e-11, 7.409595668988472e-11, 7.190595814814067e-11, 7.058426852588456e-11, 7.409595668726414e-11]
[7.661466376025156e-11, 6.559281416496057e-11, 7.461200766468216e-11, 6.957061614637884e-11, 7.253436957616254e-11, 6.987817589554693e-11, 7.250096999688521e-11, 7.253749016080977e-11]
[7.971833216946699e-11, 7.53942721356094e-11, 6.657216398728332e-11, 6.05328467915753e-11, 6.346838455860079e-11, 6.958801588097501e-11, 7.547604384542564e-11, 6.80523841144781e-11]
[8.396114701448535e-11, 7.468936992604505e-11, 7.558199780052952e-11, 7.428740323900302e-11, 6.72763292980725e-11, 7.298079413156165e-11, 6.495435587361672e-11, 8.391182116072349e-11]
[7.612830228030508e-11, 7.47998727676035e-11, 7.595451040990815e-11, 7.519058458240583e-11, 7.740915933868014e-11, 7.626880665244626e-11, 8.388255288358559e-11, 7.61762651330055e-11]
[6.451406704188943e-11, 7.249339089853469e-11, 7.360688471530367e-11, 7.185224203841861e-11, 6.580765309890306e-11, 7.319535539481818e-11, 7.477703069016227e-11, 7.760058555778331e-11]
[5.761997168914062e-11, 8.171310048402949e-11, 6.047513369321067e-11, 6.030570338355382e-11, 6.813963321263988e-11, 7.215398867941028e-11, 7.227523013622664e-11, 5.989641891281612e-11]
[6.864208654596353e-11, 7.536349249113955e-11, 6.935304142656928e-11, 6.368980747600216e-11, 6.269221888392588e-11, 6.629975973580973e-11, 7.923698837658293e-11, 8.233368662654013e-11]
[5.2080910283853985e-11, 4.839675342338788e-11, 6.180808181861402e-11, 5.952241428283023e-11, 6.337239293422804e-11, 5.386377520763764e-11, 5.714397611019654e-11, 6.69055746915006e-11]
[6.886319353895781e-11, 7.388862734303115e-11, 7.392455222340422e-11, 7.156985444523265e-11, 7.287444309161049e-11, 7.337810105426992e-11, 7.22337439826343e-11, 7.159450423050729e-11]
[5.1662575914937224e-11, 5.209991835410191e-11, 7.647310480367094e-11, 6.37692242650942e-11, 5.498581856370683e-11, 6.584279398950981e-11, 7.97574922604687e-11, 5.039897368277913e-11]
[8.234568778109987e-11, 7.169714847990175e-11, 7.156886501916293e-11, 7.32318751038361e-11, 7.318546607524401e-11, 6.420618038961969e-11, 6.40256094319102e-11, 5.4997099574917296e-11]
[6.849736066391723e-11, 6.945783978555476e-11, 6.96413140687583e-11, 7.30089864647463e-11, 6.639901816796824e-11, 5.781640068851e-11, 7.983235214335495e-11, 5.80065978122124e-11]
[7.462518350472229e-11, 6.890094385402368e-11, 7.4028874233916e-11, 6.856152112111001e-11, 7.158619153091405e-11, 7.416388964352331e-11, 6.868487160806231e-11, 8.052883275014083e-11]
[7.873448529977247e-11, 7.817418247266713e-11, 7.47189992926172e-11, 7.641424520321991e-11, 7.334856646225351e-11, 7.884595582431919e-11, 7.37489542058573e-11, 7.525571972228295e-11]
[7.491294190841598e-11, 5.7402472572311715e-11, 7.454629169377206e-11, 5.616836850189203e-11, 5.788566772161578e-11, 5.7470015413255245e-11, 5.755893762969089e-11, 5.253919665215954e-11]
[7.11086209051659e-11, 6.211536373725977e-11, 7.515332630251918e-11, 7.496178731283014e-11, 7.110412908130481e-11, 7.725970568022136e-11, 7.368552443435083e-11, 7.379643770569589e-11]
[7.059277874866931e-11, 6.118088233372747e-11, 6.255411874294822e-11, 7.059277875381272e-11, 6.118088232973257e-11, 7.713606514513574e-11, 6.255411874804841e-11, 8.404524637475806e-11]
[7.419918919931651e-11, 6.852658414530324e-11, 7.362606007622045e-11, 7.841861043827252e-11, 7.421998932137326e-11, 6.866714740984434e-11, 7.467914821205472e-11, 6.886960045630605e-11]
[7.991143259431652e-11, 6.213341240083583e-11, 6.984418293722188e-11, 5.495526832354971e-11, 6.547333885876256e-11, 7.144507995986578e-11, 6.867365737707117e-11, 5.802533259887668e-11]
[6.305326599794423e-11, 5.607597665269816e-11, 5.7570296445804116e-11, 6.945083639291855e-11, 6.386746689759631e-11, 7.243629610629651e-11, 6.262129552095543e-11, 7.947507456986893e-11]
[7.670914472839456e-11, 7.979954150840087e-11, 5.414345777790086e-11, 6.222388887468271e-11, 6.287207848748276e-11, 5.1835669222431555e-11, 6.002094597310192e-11, 5.7907829364562637e-11]
[6.935919931397809e-11, 7.077656921333561e-11, 7.181157373320949e-11, 7.411201946255632e-11, 7.975671953272272e-11, 7.136875396017341e-11, 6.359160556669755e-11, 5.983633069342265e-11]
[7.092226377569965e-11, 7.108856339112294e-11, 7.918146966629055e-11, 6.985525173660793e-11, 7.123642429408769e-11, 6.071985549113855e-11, 5.855843754460797e-11, 5.7763300736004224e-11]
[7.842889338437299e-11, 5.870938614434809e-11, 7.07305745470368e-11, 7.220482047189568e-11, 5.675368867154992e-11, 7.103539383042037e-11, 7.249937664264611e-11, 6.246119995505608e-11]
[7.642057490374886e-11, 7.646392217678203e-11, 7.742985359273092e-11, 7.801483402108814e-11, 7.602213313492197e-11, 7.801806718828472e-11, 7.584596569548194e-11, 7.908796794759946e-11]
[5.5448050395994693e-11, 5.788128393108455e-11, 7.481756878712e-11, 5.2728870373364224e-11, 5.609556656110572e-11, 7.466670318796772e-11, 8.190565359067208e-11, 7.500271863427239e-11]
[5.1185833673933285e-11, 5.47477084108989e-11, 7.946396103141823e-11, 5.788633396357571e-11, 6.152071550532619e-11, 6.925209952167547e-11, 5.6527128429788145e-11, 6.052333565206131e-11]
[5.537449347146179e-11, 6.446039062363826e-11, 6.585377704680961e-11, 6.030044958850524e-11, 7.041776347405384e-11, 7.666394923739293e-11, 7.713702823593543e-11, 7.908053396049136e-11]
[6.86100909666886e-11, 6.863112087900882e-11, 7.151028830920443e-11, 6.777691331300957e-11, 7.958089962730695e-11, 5.967250520337364e-11, 6.032680161057937e-11, 5.296965145054463e-11]
[6.301692200961639e-11, 6.256053630683753e-11, 7.568107337542286e-11, 7.374054895947878e-11, 6.6499877539926e-11, 7.764052519132971e-11, 6.553252916704347e-11, 6.07378906238223e-11]
[7.857701943089452e-11, 7.233784202669585e-11, 7.195602615819234e-11, 7.692829346269967e-11, 7.363705760320305e-11, 7.452445942385134e-11, 7.673179376225098e-11, 7.773546090011413e-11]
[7.401593768587734e-11, 6.844167746946465e-11, 7.163683172697496e-11, 7.554009039437104e-11, 7.404582263854985e-11, 6.856056029093238e-11, 7.4416517143135e-11, 6.877633048760658e-11]
[7.524518673682043e-11, 7.439325880558542e-11, 7.571412698199861e-11, 7.333998006629513e-11, 7.446608612982835e-11, 7.431025202071475e-11, 7.48386101060309e-11, 7.488438530110998e-11]
[8.375714483965359e-11, 6.367229466402963e-11, 6.25038416263539e-11, 7.227211637063086e-11, 6.936322031151059e-11, 5.805134204546537e-11, 5.604952931118524e-11, 6.244046098663071e-11]
[8.197203556454806e-11, 6.014896954739914e-11, 7.158397305831618e-11, 6.231061186640544e-11, 7.706640728620537e-11, 7.66948498137672e-11, 6.126319505994853e-11, 6.304909239538057e-11]
[7.966766520724767e-11, 8.419460649432607e-11, 7.720393989397981e-11, 7.347546569113706e-11, 7.347002047028818e-11, 7.270790379257154e-11, 7.47947678427631e-11, 7.390898741268344e-11]
[7.273757444722857e-11, 7.98880361055541e-11, 7.089636844090078e-11, 7.272581526832917e-11, 6.102660712015801e-11, 6.816367444226814e-11, 5.821776489079592e-11, 5.43736707497909e-11]
[5.677857763962478e-11, 5.971894024961726e-11, 5.921546724652447e-11, 6.890580078978333e-11, 7.696052902595057e-11, 6.478623265847075e-11, 6.480103710770965e-11, 6.110942539079057e-11]
[5.729714571790796e-11, 6.673709703736901e-11, 5.4328000635183323e-11, 5.964582960078397e-11, 5.896907518555679e-11, 5.500550617468089e-11, 4.9425241956706127e-11, 5.117755950266332e-11]
[6.24069291278919e-11, 6.763040973068931e-11, 6.866477528214107e-11, 7.211351653440251e-11, 6.221415633314969e-11, 6.833638191661897e-11, 7.417011699216989e-11, 6.751438067630104e-11]
[6.011045509311448e-11, 7.304782866618797e-11, 5.872765094816669e-11, 6.41674672241101e-11, 7.381331474351356e-11, 6.309962706542791e-11, 7.52638618137278e-11, 7.787809578895687e-11]
[8.405347907092838e-11, 8.405404747418781e-11, 7.508270490105917e-11, 7.36206235423869e-11, 7.376893949643746e-11, 6.825219656701247e-11, 6.585776082501016e-11, 8.22644216546908e-11]
[5.068198898517124e-11, 5.379294021077106e-11, 5.093562446561492e-11, 5.942821167280515e-11, 6.205337151010908e-11, 5.3379047642063065e-11, 7.212412110071225e-11, 7.959132441242779e-11]
[5.836367605312416e-11, 5.92303069063822e-11, 7.233017133606539e-11, 5.791668571243497e-11, 5.66660563465486e-11, 6.701784678695434e-11, 7.339875323350574e-11, 7.690435300750829e-11]
[4.975864478589335e-11, 5.4533283006721146e-11, 6.163227746840793e-11, 5.987213365657503e-11, 6.150086124794957e-11, 6.881472080795888e-11, 8.376357235660727e-11, 7.422146844137476e-11]
[6.247061079886461e-11, 6.951181884044385e-11, 6.904407264970883e-11, 6.985528230881354e-11, 7.506164586053774e-11, 6.81091048969261e-11, 6.479351741513279e-11, 5.836606219832361e-11]
[5.4506383326083865e-11, 6.174292112875984e-11, 5.734284564657906e-11, 7.07771881004602e-11, 6.528048606719342e-11, 7.295574968890014e-11, 6.659258810372329e-11, 6.526399420989141e-11]
[7.584809309046205e-11, 6.634413636676954e-11, 6.329975284311045e-11, 6.857744798005715e-11, 7.193873879579852e-11, 5.836976365172747e-11, 6.060616528339546e-11, 5.1543804679163915e-11]
[5.764697664816808e-11, 6.665332525578539e-11, 6.318254270051264e-11, 7.343597632469556e-11, 7.217512772605644e-11, 7.583531144540031e-11, 7.094429666114653e-11, 8.23401565699306e-11]
[7.5079696759196e-11, 6.958938479063935e-11, 7.195620683328047e-11, 7.170405558269503e-11, 7.734800028514817e-11, 7.10598899934467e-11, 7.301255633360615e-11, 7.68339255017529e-11]
[7.575305576355958e-11, 7.663406187570534e-11, 7.50284797916003e-11, 7.628773688470894e-11, 7.652539572827713e-11, 7.536471453870072e-11, 7.780849160870776e-11, 7.747338281497128e-11]
[8.408138785345735e-11, 7.300994499693557e-11, 7.622219544457847e-11, 7.432222784987369e-11, 7.588062984480722e-11, 7.67055204868675e-11, 8.41825205983138e-11, 8.386448997770997e-11]
[7.600047116767404e-11, 7.532234221037473e-11, 7.3203681048707e-11, 7.79683197725623e-11, 6.49342807719808e-11, 7.128111432358634e-11, 6.480055702149641e-11, 6.43844766835157e-11]
[4.7469988997957425e-11, 5.923056651151248e-11, 5.966892048534146e-11, 5.2858079896781504e-11, 5.7742277077760136e-11, 5.8177713795814994e-11, 6.653521906927451e-11, 7.644959956859037e-11]
[8.234297198410655e-11, 6.51068744612601e-11, 5.7945355569462713e-11, 7.510629427243922e-11, 6.59030425130246e-11, 7.289714472065193e-11, 7.489403998142552e-11, 7.908545213680808e-11]
[8.418702981348168e-11, 7.643568355465296e-11, 7.422360516188135e-11, 7.477697209871066e-11, 7.500239767515748e-11, 7.377497025578052e-11, 7.744726034200037e-11, 7.594501451128066e-11]
[5.877939649966679e-11, 5.757297342957106e-11, 6.087663163719903e-11, 7.258942029861624e-11, 6.595747663430404e-11, 7.848864218591524e-11, 7.566881092969241e-11, 7.434097691865766e-11]
[8.114167378026562e-11, 7.126041738642974e-11, 7.02427231408258e-11, 7.320949708298795e-11, 6.407202805827747e-11, 5.62369353655979e-11, 5.5676338080699683e-11, 6.314503429329639e-11]
[6.590043826522132e-11, 7.294633760247595e-11, 7.148459006378593e-11, 6.944004452323478e-11, 5.7953212923366263e-11, 7.067553901043493e-11, 6.086296736716796e-11, 8.179262596910677e-11]
[7.423500251526427e-11, 7.320238719779464e-11, 7.371747988172124e-11, 7.323390067440038e-11, 7.489496957997418e-11, 7.710304118657547e-11, 7.663272453999137e-11, 7.896090322276164e-11]
[6.29274261389778e-11, 5.6630927671734616e-11, 5.830506171025975e-11, 6.99128855046673e-11, 7.25460795677756e-11, 7.834569908798888e-11, 6.673459744564897e-11, 6.952117132844157e-11]
[7.417405247530531e-11, 7.508387257263153e-11, 7.422416479156886e-11, 7.158193357846635e-11, 7.296821055293447e-11, 7.512561134446988e-11, 7.534462295012537e-11, 7.366768811469416e-11]
[5.7102839102954265e-11, 5.7706629832441196e-11, 7.170590994374212e-11, 6.310164985009195e-11, 6.148968259744383e-11, 5.287230982763343e-11, 5.14231918522651e-11, 5.982512102205522e-11]
[6.838794217258016e-11, 7.301836937900775e-11, 5.3137802497701477e-11, 5.794398543481162e-11, 5.490494244632944e-11, 5.3332689889449185e-11, 5.7727410878988694e-11, 4.689305340044117e-11]
[6.418833765356399e-11, 6.536309722777878e-11, 7.306959147136365e-11, 6.447319519411083e-11, 7.350781749209065e-11, 5.322544499068182e-11, 5.088913790776981e-11, 5.630947436853026e-11]
[6.551306928126862e-11, 5.613252107046473e-11, 5.462287476017711e-11, 6.37245413195686e-11, 7.228015507796334e-11, 7.222650329921154e-11, 6.991322291421098e-11, 7.72693041197828e-11]
[7.582195359461794e-11, 5.754319758499414e-11, 6.551608280624022e-11, 6.326737745198452e-11, 5.893575977560856e-11, 6.128875681256122e-11, 5.4309825891317806e-11, 5.098190277677977e-11]
[7.460731168510857e-11, 4.987742706508088e-11, 6.915361204698212e-11, 6.493406837239327e-11, 7.049819541012207e-11, 6.839248094678125e-11, 6.972407635748721e-11, 7.995839645149926e-11]
[6.117198498703133e-11, 7.576189593139272e-11, 6.15789119791368e-11, 7.612666794453051e-11, 6.211799377822504e-11, 7.302191176920877e-11, 5.963894265136474e-11, 8.226496425267405e-11]
[6.048851003510223e-11, 6.562897195972508e-11, 7.526800259892017e-11, 7.312620484901981e-11, 6.488121454109309e-11, 7.040544002882133e-11, 7.967124880371406e-11, 6.605125400224e-11]
[6.814307374143877e-11, 6.86525254096218e-11, 7.155767190912422e-11, 7.421023986235785e-11, 7.527351147923901e-11, 7.339737261196601e-11, 7.111506789215694e-11, 6.966600625109078e-11]
[7.569915021281757e-11, 7.810554732300868e-11, 7.507819415585889e-11, 7.459865924611247e-11, 7.620162076795276e-11, 7.691058605653892e-11, 8.338305658506288e-11, 7.653834346706696e-11]
[7.96016501955483e-11, 4.9390649627233426e-11, 5.628978671768662e-11, 7.062473313638477e-11, 6.736727691686887e-11, 5.997883725198858e-11, 6.17462723541311e-11, 6.165040331657532e-11]
[8.032896981121969e-11, 8.406857951043011e-11, 7.555368943519295e-11, 7.426120232752332e-11, 7.818292132477498e-11, 7.283156339196808e-11, 7.45993191964659e-11, 7.395049274176221e-11]
[6.312104937095199e-11, 7.201935025000663e-11, 6.312104937607458e-11, 6.737123793552758e-11, 7.201935024757172e-11, 6.784555612901918e-11, 6.784555613105602e-11, 6.201029384302e-11]
[6.255319855712304e-11, 8.216777776696543e-11, 6.114097714511405e-11, 7.069359585534972e-11, 7.640764430438066e-11, 6.437844582107341e-11, 7.651690242280028e-11, 8.39527967423434e-11]
[7.628845384793942e-11, 7.284446464624286e-11, 8.395148397413482e-11, 7.269270789550002e-11, 7.342636639245798e-11, 7.802039629968721e-11, 7.171223529994259e-11, 7.629518197773952e-11]
[7.701618842856479e-11, 6.227804284143269e-11, 7.820232451405225e-11, 6.262200090617929e-11, 7.369542800082568e-11, 7.18630051249984e-11, 7.554633430398666e-11, 7.427095835958662e-11]
[8.424892164186492e-11, 7.456576723319394e-11, 7.654924193962689e-11, 7.164101246542003e-11, 7.35649883882757e-11, 7.625240416072339e-11, 7.118215922042388e-11, 8.39796242326249e-11]
[7.736594458129463e-11, 7.736594459514756e-11, 7.191935543782267e-11, 7.191935543667e-11, 7.295841886577761e-11, 7.443103006401531e-11, 7.443103006545087e-11, 7.295841886524669e-11]
[6.256851357980036e-11, 7.812402576419965e-11, 6.12049894994413e-11, 7.812402576984009e-11, 7.05236262412733e-11, 7.052362624394904e-11, 6.120498950334467e-11, 6.256851358696434e-11]
[5.2815725391459825e-11, 5.654490252404415e-11, 6.424172753580913e-11, 7.968383367598297e-11, 6.508937998867217e-11, 5.810373400002358e-11, 6.940426937184215e-11, 6.021763126672268e-11]
[8.38475973160005e-11, 7.281796834254547e-11, 7.380928605660888e-11, 7.372950151390497e-11, 7.304391782054427e-11, 7.224103998045556e-11, 8.222877761513861e-11, 7.395252157697253e-11]
[8.403610638988233e-11, 6.974482105858242e-11, 6.727358913610342e-11, 7.329381413855007e-11, 7.184201139156892e-11, 7.632397702447016e-11, 7.418468980697618e-11, 8.413021072416826e-11]
[7.190643190763143e-11, 8.017499655572261e-11, 6.776101945635291e-11, 6.911606146722092e-11, 7.685900700519097e-11, 6.911606147105812e-11, 6.776101946298945e-11, 7.190643190649173e-11]
[7.405800543029804e-11, 7.462890881069645e-11, 7.19522007074575e-11, 7.112933742866804e-11, 7.060203317266175e-11, 7.392337743556593e-11, 7.513254230319642e-11, 8.171100185853913e-11]
[5.685417852420333e-11, 5.670005303159277e-11, 6.457697888384896e-11, 6.667771327899794e-11, 7.397635019178312e-11, 7.640155821370228e-11, 7.308311088970591e-11, 8.202679245406358e-11]
[5.6684452577921015e-11, 8.15476938777714e-11, 5.2836228942522505e-11, 5.42073652551978e-11, 6.914579734485507e-11, 5.799349101684921e-11, 5.752429538472616e-11, 5.804774715270616e-11]
[7.243998577514251e-11, 7.235456607217505e-11, 7.250183737644496e-11, 6.929648884795043e-11, 6.39595548181534e-11, 7.593799576367713e-11, 7.255889804639114e-11, 6.19366928893604e-11]
[7.102660918914859e-11, 7.201216654524245e-11, 7.700920040070511e-11, 7.374851923967524e-11, 6.858050512107489e-11, 7.555446208056477e-11, 6.981687109835117e-11, 6.708413454567902e-11]
[6.299287421571251e-11, 7.952402771050043e-11, 6.113291741589544e-11, 5.857183376087806e-11, 7.551669732482583e-11, 6.008227520920473e-11, 5.4044452917911e-11, 5.139469828688172e-11]
[5.492076710299695e-11, 5.928241140054135e-11, 7.187213181125699e-11, 6.05951822593592e-11, 5.1237321390074835e-11, 5.385046390576051e-11, 6.108916094421091e-11, 5.794590619218504e-11]
[8.254586748591058e-11, 7.30001399315741e-11, 7.372680389782296e-11, 7.396805244520987e-11, 7.441526948128473e-11, 7.786929646033787e-11, 7.496394203335438e-11, 7.788910043605816e-11]
[7.881692637052255e-11, 6.511511823514355e-11, 7.337916498522016e-11, 5.554683323699749e-11, 6.437265783331641e-11, 5.4032531099528465e-11, 6.330905838964027e-11, 6.268251036766759e-11]
[5.5913699108194145e-11, 5.45077173959079e-11, 7.975649790015856e-11, 6.925014750562848e-11, 6.400737489930214e-11, 6.943973334150418e-11, 6.007945930660607e-11, 5.566345159278212e-11]
[7.037708626010542e-11, 6.272233994929874e-11, 7.059962688122505e-11, 7.100580961526895e-11, 5.810281937998431e-11, 7.169744341255579e-11, 5.9345745848449e-11, 7.543119002472917e-11]
[6.111175082704272e-11, 6.09261366026216e-11, 5.7785761499903873e-11, 7.085569945379815e-11, 6.949699050498861e-11, 7.101708029512252e-11, 7.98699233501235e-11, 8.182777472583314e-11]
[5.3666933345495726e-11, 6.370494088511367e-11, 5.849753179161702e-11, 5.4823866857147686e-11, 6.808074048113272e-11, 5.86974449959318e-11, 6.264737169457453e-11, 7.984546209069545e-11]
[5.5055699085236096e-11, 6.840780261747563e-11, 5.412100107602598e-11, 6.085501959328596e-11, 6.557097526418731e-11, 5.901659629706071e-11, 7.105452160477844e-11, 7.801015122868875e-11]
[5.716607883793681e-11, 6.724237153867661e-11, 7.067175399144631e-11, 6.472509377794297e-11, 5.759557593839306e-11, 7.013946781694354e-11, 7.379322529213556e-11, 8.145432478071526e-11]
[5.377594238552521e-11, 5.240588950862306e-11, 5.922014058430258e-11, 7.112975970140392e-11, 7.986607784039935e-11, 6.677316458272824e-11, 5.5598199651680644e-11, 5.5648670006413006e-11]
[6.358006739691125e-11, 6.462512669261952e-11, 7.080697055297462e-11, 7.272611581203343e-11, 6.27423648350286e-11, 6.999895638722446e-11, 7.040201546807441e-11, 6.253239114718377e-11]
[6.155996844643071e-11, 5.670365239394867e-11, 5.545313335585391e-11, 5.730641097344973e-11, 6.64825516542412e-11, 7.420757720560618e-11, 6.224489054665606e-11, 7.4189208825904e-11]
[7.656213437827953e-11, 7.966089138491904e-11, 6.268254416360858e-11, 5.685939811717028e-11, 6.92332632326342e-11, 7.087607852981487e-11, 6.165400570809148e-11, 7.109686812958775e-11]
[7.049157982903755e-11, 5.4984054752184096e-11, 5.7780034986340224e-11, 5.7828170496771355e-11, 5.49840547526111e-11, 5.7780034987393555e-11, 5.78281704937214e-11, 7.049157982494823e-11]
[7.703900147296667e-11, 7.985083608756974e-11, 7.254890438936783e-11, 7.3828422343924e-11, 7.268216137573028e-11, 7.582652596176954e-11, 7.360944052792395e-11, 7.273735972670794e-11]
[5.600270540235463e-11, 5.876804744730735e-11, 4.924563704935205e-11, 5.3958317581076975e-11, 5.523556660492514e-11, 5.855063402484286e-11, 6.943214588837876e-11, 8.168638033840782e-11]
[7.215009947062282e-11, 7.373960628210933e-11, 6.618204994340676e-11, 7.270684068661447e-11, 6.388477299105586e-11, 7.793262033670759e-11, 7.429012984891014e-11, 7.778128789296253e-11]
[4.993349463828135e-11, 5.464612822339722e-11, 6.93940324463297e-11, 5.6095256668724047e-11, 7.274715961959235e-11, 5.725861995253952e-11, 6.243212188515258e-11, 6.331215062761491e-11]
[7.80767788450353e-11, 7.799691215532113e-11, 7.527913707618695e-11, 7.544792929182523e-11, 7.37113100969042e-11, 7.394802677719516e-11, 7.359790132593906e-11, 7.159784738899787e-11]
[6.664383699186247e-11, 7.16213802360169e-11, 6.973665423530166e-11, 6.311131750785721e-11, 6.516770434195387e-11, 7.315392579484157e-11, 7.118571538881173e-11, 7.923511063564897e-11]
[7.467075636219456e-11, 7.626794770186838e-11, 7.572078463785828e-11, 7.302102844639379e-11, 6.125221085421197e-11, 6.108363445011691e-11, 5.919077662288547e-11, 5.91208652497989e-11]
[6.062609852019717e-11, 5.80434963417999e-11, 5.920238331996182e-11, 6.024886486794989e-11, 7.159364364474761e-11, 7.707729783446398e-11, 7.339442741295163e-11, 7.369761667070332e-11]
[8.193052729452512e-11, 6.4106681634974e-11, 6.651130580414389e-11, 7.081887812903668e-11, 6.497488706021061e-11, 5.855192516085113e-11, 6.406532333569596e-11, 6.881850052881602e-11]
[6.689159486874157e-11, 5.346133218776173e-11, 5.691351890371763e-11, 6.848107477648632e-11, 5.840697426803059e-11, 5.765974721072292e-11, 5.270762967267683e-11, 4.864274292736043e-11]
[7.944592009891699e-11, 6.787693111419165e-11, 7.38439873557777e-11, 5.742293952158983e-11, 7.414221212882002e-11, 5.78547400324007e-11, 6.366787165571852e-11, 7.752176199156668e-11]
[5.7669292350944724e-11, 5.2067923598118065e-11, 5.184907370734933e-11, 5.56781405156982e-11, 5.903006781678984e-11, 5.2798605587589296e-11, 5.5192577400895714e-11, 7.334942506698277e-11]
[5.999731596094149e-11, 6.395973991241426e-11, 8.243253711161238e-11, 6.563387151446709e-11, 7.572918693928353e-11, 7.718369359485519e-11, 7.349030344213999e-11, 7.51497472490022e-11]
[7.207248327306793e-11, 6.164516430160193e-11, 7.242932159467872e-11, 7.375048907337492e-11, 6.507450009509046e-11, 7.113114626208893e-11, 7.510702927233325e-11, 7.688111549718381e-11]
[5.656873809909553e-11, 6.80804910473588e-11, 5.830344139443383e-11, 7.249940552663052e-11, 7.028628512933944e-11, 5.8097263766522904e-11, 5.3087144410321883e-11, 5.7444159961555484e-11]
[7.154393334990746e-11, 7.131154078734665e-11, 6.553609815290504e-11, 7.174052887108997e-11, 7.052359354637305e-11, 6.153543544723741e-11, 5.7186229542660576e-11, 6.245620468271255e-11]
[6.377031521642137e-11, 7.129917175578232e-11, 7.047409032846891e-11, 5.872562045009552e-11, 6.037391310241509e-11, 7.09571009419104e-11, 7.447380923348301e-11, 7.987311057758715e-11]
[7.664844049552823e-11, 7.590662990351785e-11, 7.736854977451879e-11, 7.556390039708336e-11, 7.412003621756605e-11, 7.699809526669291e-11, 7.650938157153595e-11, 8.398271525161774e-11]
[5.958111957565133e-11, 6.482351611264861e-11, 8.19199189158246e-11, 6.050841232364987e-11, 7.089495389882697e-11, 7.63443795938409e-11, 7.678714383711037e-11, 7.587871938062531e-11]
[7.076472469078194e-11, 7.381049561917635e-11, 7.468561712853629e-11, 7.455731599638808e-11, 6.760405622571443e-11, 6.704856607719105e-11, 7.711928014204255e-11, 6.898066782190764e-11]
[5.978264887498859e-11, 6.017659843019413e-11, 6.773783170490277e-11, 5.838773112616119e-11, 6.227896785095488e-11, 7.062406458667993e-11, 7.9764593944829e-11, 7.1924944792042e-11]
[7.89352201149031e-11, 6.824770732806116e-11, 6.166446099255413e-11, 7.560048062981783e-11, 6.443296762498632e-11, 8.234648181431266e-11, 5.674321430570342e-11, 5.341174598222337e-11]
[5.401800486215604e-11, 5.955270536749447e-11, 5.994434137235399e-11, 6.141815741926908e-11, 5.397388823085135e-11, 7.724224678780517e-11, 4.9412731202544867e-11, 8.188333539413379e-11]
[5.023398593133713e-11, 5.43268371621607e-11, 7.651186496068156e-11, 6.001129803824057e-11, 7.600079397045792e-11, 5.7904063274222414e-11, 6.089539776468647e-11, 6.282621120061654e-11]
[7.346643370839648e-11, 8.005245013169774e-11, 7.100465089982709e-11, 7.425081647150253e-11, 7.105498160527224e-11, 7.428801103067732e-11, 8.212836416609092e-11, 7.358009945474299e-11]
[6.43424872011492e-11, 5.99617478160967e-11, 5.98637322839317e-11, 7.607287923734515e-11, 6.727705247087471e-11, 5.969789744397096e-11, 5.5784895943649435e-11, 5.398591186209336e-11]
[5.162294084523259e-11, 5.4914720564026405e-11, 8.24266197015608e-11, 6.766644721661716e-11, 6.417246917903451e-11, 5.849525823875007e-11, 6.051128040184288e-11, 6.678169508478542e-11]
[7.968140778964786e-11, 7.20379763234386e-11, 5.025816342577039e-11, 5.871945090795189e-11, 6.120808002539052e-11, 5.160144473247398e-11, 5.32315770508631e-11, 4.970481576065672e-11]
[6.81420104109446e-11, 6.116132989205308e-11, 6.528436013656186e-11, 7.790175555226727e-11, 7.235651449556707e-11, 6.349019718021417e-11, 7.392426610819916e-11, 6.007928188110417e-11]
[5.6075386516299824e-11, 5.907394019073478e-11, 8.264485563795793e-11, 6.485775981012445e-11, 7.419030082470019e-11, 7.606578964371404e-11, 6.792959957483018e-11, 7.081242062239338e-11]
[5.310506994396376e-11, 7.81490573082296e-11, 7.315957640823639e-11, 6.989762687199321e-11, 7.431789847815185e-11, 6.603303310401437e-11, 6.763067744403633e-11, 6.629945653648806e-11]
[6.390822261435402e-11, 5.0311548451034485e-11, 5.649528321993792e-11, 5.553785693929282e-11, 5.7632299650085206e-11, 5.691443564487611e-11, 6.22616338640146e-11, 6.156308385177142e-11]
[7.306993341676395e-11, 7.368383079316735e-11, 7.378287441102004e-11, 7.392696809701755e-11, 6.965981796937805e-11, 7.013322167781351e-11, 7.498853183257285e-11, 7.982313448734074e-11]
[5.1203814412393175e-11, 6.747798964436318e-11, 6.320738456103509e-11, 5.873709978495915e-11, 6.288906349360355e-11, 6.354650082387871e-11, 7.827801271417567e-11, 8.231541859195404e-11]
[5.0808896896580316e-11, 5.4009272454660815e-11, 5.053785136044468e-11, 5.7752197571941494e-11, 6.197831865752871e-11, 5.302523937686355e-11, 7.215307033581966e-11, 7.912609986853697e-11]
[7.744301427313775e-11, 7.905435524840477e-11, 7.636145478602583e-11, 7.460323270575201e-11, 7.475244600803493e-11, 7.433275179221099e-11, 7.417407001343208e-11, 7.362040958030311e-11]
[7.18763011435768e-11, 7.987958816290244e-11, 7.153677908430497e-11, 7.444745462795269e-11, 7.332804285840921e-11, 7.096138882163424e-11, 7.656455165300321e-11, 7.269277769857481e-11]
[6.329270832392328e-11, 7.07524704452179e-11, 6.704354560208967e-11, 7.353947043231751e-11, 7.323467065777162e-11, 7.04764389229523e-11, 8.398123514195926e-11, 7.289701926710142e-11]
[7.140463642077416e-11, 7.498360088219407e-11, 7.547156412795723e-11, 6.383766459169084e-11, 7.605581484444331e-11, 5.63729215229581e-11, 5.942021768408744e-11, 7.095685977133448e-11]
[5.872428837052444e-11, 6.00505581811157e-11, 4.925049975194481e-11, 6.291389552233352e-11, 6.108361810848253e-11, 5.370510332725529e-11, 7.721120621936453e-11, 8.077844706148783e-11]
[6.545292265424201e-11, 6.243259579889411e-11, 7.410024922157015e-11, 7.887976847030366e-11, 7.410024922326682e-11, 7.88797684732712e-11, 6.545292265394817e-11, 6.243259580013001e-11]
[6.969059733316755e-11, 7.064061225060449e-11, 7.835070214329898e-11, 6.042057626500577e-11, 6.971863903860594e-11, 7.867940281248054e-11, 5.502647999692974e-11, 5.674800082175026e-11]
[8.387785785445247e-11, 7.71766932914791e-11, 7.423537202678895e-11, 7.275096259961607e-11, 7.428328862773589e-11, 7.302079750593256e-11, 8.379896072910254e-11, 7.411841152413079e-11]
[8.376035772281514e-11, 6.791272730975486e-11, 7.391228311437225e-11, 6.059895559220183e-11, 7.035089059061275e-11, 6.452554900875049e-11, 6.122561283893e-11, 5.954053542711087e-11]
[7.399067657903997e-11, 7.999878759815038e-11, 7.541857890498503e-11, 7.320738114922257e-11, 7.479581275017904e-11, 6.293733049031707e-11, 6.551501724896974e-11, 8.403729671194459e-11]
[7.403660050919249e-11, 7.016232642782789e-11, 7.288765132821847e-11, 5.871136450617309e-11, 7.336934813562162e-11, 7.213026950627615e-11, 5.421405540952117e-11, 6.513023130704298e-11]
[6.552644678486373e-11, 5.812643232448234e-11, 5.4477055319224225e-11, 7.04125624055983e-11, 5.931554918018213e-11, 6.907594530135602e-11, 7.092818101560508e-11, 7.718563419173225e-11]
[5.888776717596869e-11, 6.04913483771117e-11, 7.041167034036545e-11, 7.238574616350049e-11, 8.015567438229969e-11, 7.01942149854511e-11, 6.215078951897394e-11, 6.261483404955206e-11]
[8.414281731903776e-11, 7.458013106930132e-11, 7.234718140749543e-11, 7.289255496701757e-11, 7.806696252705612e-11, 7.474753828912665e-11, 7.422445232497566e-11, 7.80220941439784e-11]
[7.799675822782872e-11, 7.116482715701362e-11, 6.206767288257903e-11, 7.521700230071608e-11, 6.841895427398061e-11, 6.086137184575297e-11, 8.19174320314598e-11, 6.086236160351296e-11]
[5.8056107925129705e-11, 6.956540053751454e-11, 5.67744091488486e-11, 7.096849278848894e-11, 7.111459612531939e-11, 5.7903111907177554e-11, 6.063168980976983e-11, 7.928153086561815e-11]
[7.979848502390682e-11, 7.241201400189362e-11, 7.42009350887562e-11, 7.487331381725684e-11, 7.28183335871732e-11, 7.194850720608066e-11, 8.416495008370712e-11, 7.248765800626766e-11]
[5.909596226764957e-11, 5.70773543836886e-11, 6.819321821043651e-11, 5.807920095867057e-11, 6.864272266259224e-11, 6.342099308751644e-11, 6.085668907647744e-11, 7.030245277568625e-11]
[7.114428211166596e-11, 7.218652159451256e-11, 7.117787587772017e-11, 6.020109936667871e-11, 6.888731967987199e-11, 5.671796807179264e-11, 8.155347094519513e-11, 5.742648604997819e-11]
[5.644355745374501e-11, 5.813599848363098e-11, 6.466056331503128e-11, 6.964708829436318e-11, 7.367817970366502e-11, 7.783463148509311e-11, 7.306640873543947e-11, 7.557274165010053e-11]
[7.988098553841505e-11, 8.061950401893383e-11, 7.080135601413349e-11, 6.979606967009779e-11, 5.70665625049063e-11, 6.803480285148727e-11, 6.103692003099292e-11, 5.5629138570096076e-11]
[8.195004127179805e-11, 7.456515998840057e-11, 7.468148050598749e-11, 7.297436049067972e-11, 7.237761669122237e-11, 7.784015145718848e-11, 7.067522243931934e-11, 7.135360122015445e-11]
[7.054392282454419e-11, 6.319372982745969e-11, 6.284441887649225e-11, 7.07653907863294e-11, 6.141531656365715e-11, 7.820083739217798e-11, 6.266154650556703e-11, 7.868004114519915e-11]
[7.824789021500228e-11, 7.451618062941382e-11, 7.2752531036424e-11, 7.315587034808734e-11, 7.042136037158664e-11, 7.088265197006004e-11, 7.124276777285123e-11, 7.520403950181271e-11]
[7.038396093587309e-11, 6.475399775178838e-11, 6.755666522316943e-11, 7.429026440609258e-11, 7.093212414236706e-11, 7.167215226807442e-11, 7.179092163418446e-11, 6.569158341101856e-11]
[7.614458870505739e-11, 6.961799142337183e-11, 6.852862989390736e-11, 5.910754681456725e-11, 5.835445702346946e-11, 6.671274633193532e-11, 5.720284790520893e-11, 5.865451673701715e-11]
[7.437139951953359e-11, 7.51052775664896e-11, 6.265958038207139e-11, 5.851058396342635e-11, 5.998137896392933e-11, 6.314408118905896e-11, 7.653744638230575e-11, 7.695971650026222e-11]
[6.467675325336867e-11, 7.247599892896553e-11, 6.587886758038959e-11, 6.756142314549069e-11, 7.304431811120946e-11, 6.986032443078374e-11, 5.304818644779924e-11, 8.160992711077689e-11]
[5.320930234645882e-11, 6.04046859464845e-11, 5.922565798926229e-11, 7.163511991146581e-11, 6.001142060447592e-11, 7.88173303236266e-11, 5.426139501955905e-11, 5.817936113789546e-11]
[8.379508060115708e-11, 8.223223473262319e-11, 7.37510230845665e-11, 7.471860126243042e-11, 7.440238477409501e-11, 7.371626565376601e-11, 6.553122258975204e-11, 6.737456626491976e-11]
[5.155087141549393e-11, 5.481260382011488e-11, 4.970664851132418e-11, 5.6098576428550873e-11, 6.005220974792702e-11, 5.2389448674262406e-11, 6.389630732767915e-11, 6.707378905145402e-11]
[5.991287555776506e-11, 6.058968521554979e-11, 6.222480225987992e-11, 6.837960558784572e-11, 7.112672449957417e-11, 7.468509314034098e-11, 7.582024701213197e-11, 7.555417091944963e-11]
[7.897818028611479e-11, 7.444175900277731e-11, 8.064058667832298e-11, 7.596473025205648e-11, 7.142283313323115e-11, 7.396444628682182e-11, 7.563420067896085e-11, 8.259454923732902e-11]
[7.081645149348774e-11, 6.940185632728921e-11, 6.991245473833236e-11, 6.096805026618261e-11, 6.716589838566282e-11, 5.3434146957526414e-11, 5.7718001948035447e-11, 6.202586188500935e-11]
[6.75500993738173e-11, 6.332660867114663e-11, 6.955183262822654e-11, 7.030974775953751e-11, 5.734698703782825e-11, 6.012785838545007e-11, 7.25326281641107e-11, 6.291731739882032e-11]
[6.91423219043086e-11, 5.683897394282459e-11, 6.925923688798385e-11, 6.81536434754415e-11, 6.302659089777799e-11, 6.041619258326746e-11, 7.131760696615744e-11, 6.947309803109122e-11]
[7.77059203768833e-11, 6.01346634293237e-11, 6.136324660199546e-11, 7.58728797368751e-11, 7.144189744287585e-11, 6.256061145012827e-11, 7.343138349328431e-11, 5.786966840044597e-11]
[5.0574030247705716e-11, 5.572009531175235e-11, 5.787642679374826e-11, 6.308025310214338e-11, 6.998881463594602e-11, 5.718462727994127e-11, 5.885585003083547e-11, 7.822110570966631e-11]
[6.349198254909394e-11, 7.41480354615962e-11, 6.153891506559743e-11, 5.772660847899591e-11, 5.547859177477271e-11, 5.975034447228733e-11, 5.924182848712255e-11, 4.5801985961222544e-11]
[7.500463644009737e-11, 7.54123784369271e-11, 7.348685412860486e-11, 7.442861960677677e-11, 7.643176948796706e-11, 7.416264836668173e-11, 7.809772832550007e-11, 7.444395470990175e-11]
[8.387167010716334e-11, 7.483740290144554e-11, 7.28730765871325e-11, 7.592446497379966e-11, 7.340508600231775e-11, 7.528395055563252e-11, 7.510141986662989e-11, 7.636020597566173e-11]
[8.227257314576548e-11, 8.39413747773356e-11, 7.703889340167695e-11, 7.366288693865215e-11, 6.959987697732082e-11, 7.465571069715291e-11, 7.390289607591319e-11, 6.655379061403399e-11]
[7.657415106824036e-11, 7.371937735826923e-11, 7.335939246712319e-11, 7.141886825841446e-11, 6.974400375781435e-11, 6.931694827774897e-11, 6.748858286728064e-11, 6.891384181676836e-11]
[8.251041770173544e-11, 6.7674320756578e-11, 6.786751045190073e-11, 7.412410910823086e-11, 7.36373955483318e-11, 7.449725647975379e-11, 7.480954789104979e-11, 7.763343426540425e-11]
[6.794219881071896e-11, 5.701680539682472e-11, 6.773345089164591e-11, 7.174033866768404e-11, 7.379000654997346e-11, 7.06819278342408e-11, 6.93097892815861e-11, 7.669216749427124e-11]
[7.138628208856482e-11, 8.014619086632622e-11, 6.56678062678489e-11, 7.547036578825094e-11, 6.291328680355454e-11, 5.863499435201473e-11, 5.94399004968695e-11, 6.678986322920066e-11]
[7.664895870803296e-11, 7.274215601264497e-11, 7.681395083578329e-11, 7.232635663485501e-11, 7.620355760734626e-11, 7.246584445282621e-11, 7.639376198716355e-11, 7.7160926963259e-11]
[7.823559106283477e-11, 6.059097311293503e-11, 7.221257692500212e-11, 5.97409759914068e-11, 7.46667658246332e-11, 7.616532245041664e-11, 6.76475591443276e-11, 7.487950657768305e-11]
[6.882694349873267e-11, 7.086970093112283e-11, 7.150798575368273e-11, 7.195139962219372e-11, 6.380736213541771e-11, 6.986372343035894e-11, 5.661923841805907e-11, 5.8046418528929866e-11]
[7.216165477910654e-11, 5.863591668225336e-11, 6.949511656606195e-11, 7.278349639848371e-11, 5.830093293412075e-11, 5.771953338211237e-11, 7.142355242693527e-11, 7.065750492233953e-11]
[5.6531293051727566e-11, 5.355925014962497e-11, 6.3107300245471e-11, 6.34019703691847e-11, 6.664136984899553e-11, 6.193235679652276e-11, 6.498331280888014e-11, 8.278819920328395e-11]
[6.497348217267593e-11, 7.038315116619265e-11, 6.216890615542477e-11, 6.609708549415855e-11, 7.425702512251564e-11, 6.98627258956424e-11, 5.8134243938499475e-11, 4.79776077635279e-11]
[8.10083319794828e-11, 6.271205655150254e-11, 5.449970832244485e-11, 6.803547021156634e-11, 5.6792906011747e-11, 5.147961598527885e-11, 6.163873971429851e-11, 5.491012724523226e-11]
[6.314463900441011e-11, 5.844383576891843e-11, 7.289820752441075e-11, 7.322471866008786e-11, 6.829418493280201e-11, 7.041145639037177e-11, 8.002029107264496e-11, 6.970581927801073e-11]
[6.863106330290789e-11, 6.686079779867729e-11, 6.146770363777784e-11, 6.107846320023987e-11, 5.251378914957253e-11, 5.186178286127279e-11, 5.401344683466545e-11, 5.1529356602525246e-11]
[7.005721575784744e-11, 7.002393042875103e-11, 7.350509495652859e-11, 7.306616443036304e-11, 7.367884838166135e-11, 7.800125459030046e-11, 8.229304588758227e-11, 7.636267804603167e-11]
[8.223584678856305e-11, 5.81347985633585e-11, 5.283200254095891e-11, 6.400118044659456e-11, 7.322701924031693e-11, 7.505242984249788e-11, 6.471704807087968e-11, 6.162550311221407e-11]
[6.604342645661219e-11, 7.183052263755578e-11, 7.283125819035155e-11, 7.549448274190393e-11, 7.259854324130618e-11, 7.362025219874047e-11, 8.401071601972857e-11, 7.447616809876139e-11]
[7.765649511841372e-11, 7.188383930897831e-11, 6.97041350143768e-11, 6.934454127935933e-11, 6.830149037374105e-11, 7.502305242235197e-11, 7.47456126646993e-11, 7.296070681821852e-11]
[7.339039926456833e-11, 7.453625735207407e-11, 7.371180870746816e-11, 6.712665676300167e-11, 5.7600941346150724e-11, 6.347579133357542e-11, 5.653124346039623e-11, 5.9792914312086e-11]
[5.832394808224854e-11, 7.468117981739975e-11, 7.612443729244234e-11, 6.471264583937859e-11, 5.980412633673106e-11, 7.31360337202463e-11, 6.641397076028088e-11, 6.423950215712749e-11]
[6.82701235008392e-11, 5.7990216760769635e-11, 5.658531899518831e-11, 6.827012348673888e-11, 6.067509390887894e-11, 5.799021676457314e-11, 5.658531899528075e-11, 6.06750939066255e-11]
[7.460231777312393e-11, 8.269055735053632e-11, 7.480573120797833e-11, 7.750017802413574e-11, 7.646003389036798e-11, 7.19697238214513e-11, 7.22379551659105e-11, 6.964142315870894e-11]
[7.449631344757185e-11, 7.18678701981089e-11, 7.141988528272816e-11, 7.106900925050394e-11, 7.365928524171987e-11, 7.528057108736502e-11, 7.411757445607617e-11, 7.434128628942047e-11]
[5.6721235029564095e-11, 5.483998630410113e-11, 6.821805681136284e-11, 7.578573883997149e-11, 5.89793774304348e-11, 7.787798514344492e-11, 5.3848161113190114e-11, 4.8430926934794367e-11]
[7.277263144996353e-11, 7.273181858861772e-11, 7.077305556145202e-11, 6.866954478023756e-11, 6.788683946793654e-11, 6.890721486138849e-11, 6.87644154785928e-11, 7.250944879058862e-11]
[4.905906824374205e-11, 6.365371838873093e-11, 5.956288064006939e-11, 5.3443372530658516e-11, 5.3577183052701105e-11, 5.772765302668203e-11, 6.121842296210248e-11, 8.058274486761256e-11]
[5.145982026917344e-11, 6.694391304353319e-11, 5.026484035149515e-11, 6.079883026909212e-11, 5.643341745384536e-11, 5.739791682707184e-11, 6.518808391169209e-11, 6.618901905233023e-11]
[7.675717948654779e-11, 7.546287143162454e-11, 6.978390632209998e-11, 6.92016012337337e-11, 7.639737174879496e-11, 7.431552991260538e-11, 7.371033540971437e-11, 7.274146115791733e-11]
[5.5491859628909763e-11, 5.873267739624063e-11, 5.3687520968774605e-11, 6.981826884130117e-11, 5.766837860409592e-11, 5.858839813093368e-11, 5.118936858196085e-11, 4.853774990609607e-11]
[7.943229780023672e-11, 7.516302444441173e-11, 7.400301729226663e-11, 7.533964131751886e-11, 7.022079305522545e-11, 7.320945397690072e-11, 7.421891841759038e-11, 7.833608570359116e-11]
[5.7741395287385224e-11, 7.18342627545585e-11, 7.184198483800666e-11, 7.030934053664301e-11, 5.986352992810134e-11, 7.099703079507862e-11, 6.155976258964094e-11, 8.169466368287888e-11]
[7.654748975398951e-11, 6.408651199523767e-11, 6.949491750651124e-11, 6.146469954011931e-11, 6.847684043599691e-11, 7.31533490120154e-11, 6.817953893774556e-11, 6.906331622704351e-11]
[8.244316067217469e-11, 7.446710806022352e-11, 7.479241350967466e-11, 7.49700924634879e-11, 6.693607266280478e-11, 8.23306008745759e-11, 6.606651142260838e-11, 6.07163423616905e-11]
[5.086177611979343e-11, 5.153187767126495e-11, 5.0345664082945326e-11, 5.16193806673684e-11, 6.216622171037542e-11, 5.715667744335351e-11, 7.195265844689945e-11, 7.810334628011087e-11]
[7.840151968762361e-11, 6.733142325420936e-11, 6.97391242845357e-11, 6.722723349658586e-11, 7.099114805153023e-11, 7.356366045858694e-11, 7.467490144495418e-11, 7.293495000686427e-11]
[6.309127747933437e-11, 6.512500437320618e-11, 6.224979223809135e-11, 7.043489194989523e-11, 7.116846271307266e-11, 5.922051900298694e-11, 5.401670992332366e-11, 5.6890847545058155e-11]
[8.22494424266817e-11, 7.533664774065157e-11, 7.211637909239093e-11, 7.118309104966049e-11, 7.432323621127982e-11, 7.907354472446296e-11, 7.477480532225723e-11, 7.836449920902547e-11]
[6.975013464508377e-11, 7.067256495142617e-11, 7.299475374392562e-11, 6.284814771908937e-11, 7.301214950488087e-11, 5.4782415995218537e-11, 5.7461628303463425e-11, 6.514847960703419e-11]
[7.709533502680446e-11, 5.565614249982414e-11, 4.969324828391585e-11, 5.881800351743937e-11, 6.822674786790187e-11, 6.081177977421384e-11, 6.288823450540482e-11, 5.953444391839821e-11]
[6.898329185442243e-11, 7.133753384520362e-11, 7.329238533206283e-11, 7.393285075883657e-11, 6.860597633481903e-11, 7.079555518597876e-11, 6.827042803206024e-11, 7.844990257809552e-11]
[7.100938515544727e-11, 5.690901572857504e-11, 6.982080621704769e-11, 6.840384707342402e-11, 5.752172712772276e-11, 6.39289215949395e-11, 6.0217722342198e-11, 6.263929584113038e-11]
[5.2728393511304084e-11, 5.4090790314881016e-11, 5.077204066307042e-11, 5.327511816286319e-11, 6.53865284787938e-11, 6.296932276763648e-11, 7.297003168650703e-11, 7.778988092171878e-11]
[8.406135646412856e-11, 6.445818022227146e-11, 6.802303988685686e-11, 7.293773155504485e-11, 7.197550096424863e-11, 8.402519724746689e-11, 7.434598844695704e-11, 7.701418067775764e-11]
[6.587704546933074e-11, 5.6637406171154454e-11, 5.776994802961262e-11, 5.741046964712008e-11, 5.7826307338359783e-11, 5.380567245643754e-11, 7.388233036256607e-11, 4.808654455789215e-11]
[6.673035308847204e-11, 5.331762957888967e-11, 6.67327179976786e-11, 5.258175815575444e-11, 5.333353296824508e-11, 5.840233561057622e-11, 6.4450174790896e-11, 5.425327365102278e-11]
[6.11399295736938e-11, 5.941442484039853e-11, 6.085857728911955e-11, 7.463155865779943e-11, 7.602371089142779e-11, 7.223121048601191e-11, 6.469062940618021e-11, 6.141382764497259e-11]
[6.21484748228575e-11, 5.43118754485215e-11, 6.107333688486281e-11, 6.163759414630686e-11, 7.018668978143583e-11, 7.483284029818587e-11, 6.256395382517618e-11, 8.247724242526347e-11]
[5.1110186803025145e-11, 4.966156989836353e-11, 7.289515161258901e-11, 5.889300909276088e-11, 5.6030129142256844e-11, 6.158736438672426e-11, 5.727050393798712e-11, 5.269122215444687e-11]
[8.212755579064511e-11, 7.473415438847982e-11, 5.990927044416255e-11, 6.902525548237743e-11, 5.899916692726961e-11, 6.083373830209153e-11, 6.05376446222099e-11, 5.917086235876415e-11]
[6.339333620390722e-11, 8.394233797441916e-11, 6.837873737009462e-11, 7.280290624765053e-11, 7.275623111649375e-11, 7.057993177005002e-11, 6.869918703341409e-11, 7.018053967952447e-11]
[7.71301918611167e-11, 7.775315761740401e-11, 7.518723547939661e-11, 7.651967268312971e-11, 7.656307589728226e-11, 7.578415051664425e-11, 7.753329554935682e-11, 7.979861775957935e-11]
[5.691269647018164e-11, 5.692736697722817e-11, 5.410431448650719e-11, 5.5415839908917395e-11, 6.839732959785992e-11, 7.384354496299881e-11, 7.562670814634251e-11, 6.617853447545126e-11]
[5.926218603092581e-11, 5.7670606508284366e-11, 7.585313688877285e-11, 6.192559239396574e-11, 6.12577448833369e-11, 6.205632866605493e-11, 5.193222047187745e-11, 5.3118403767762583e-11]
[5.760013516929563e-11, 7.237623318328791e-11, 6.770807622536056e-11, 5.901213215707004e-11, 6.678320339213368e-11, 6.732825165563242e-11, 7.597835356932725e-11, 8.132494981429548e-11]
[7.381688290186474e-11, 7.580896170214741e-11, 7.006523130528989e-11, 7.466003601584612e-11, 7.393903283143655e-11, 6.969333943770257e-11, 7.374950822180107e-11, 8.215161526044097e-11]
[7.831147982315641e-11, 7.699147328876329e-11, 7.280300349578053e-11, 6.418886608100408e-11, 7.654894251900909e-11, 7.203118059983521e-11, 6.45540219408103e-11, 7.402816082462354e-11]
[5.359147222970852e-11, 5.170624915744266e-11, 7.629620828088619e-11, 7.289746073126266e-11, 6.135577550872936e-11, 5.933794786546067e-11, 6.223416172444432e-11, 6.509348456263844e-11]
[7.208107659993192e-11, 7.310146195584582e-11, 7.887624621085821e-11, 7.278577577475874e-11, 7.349104284213236e-11, 7.638667983937213e-11, 7.78829059415715e-11, 7.779007115967113e-11]
[7.451575316755835e-11, 7.554469319562477e-11, 8.398521123547678e-11, 7.539415220652173e-11, 7.481776906236566e-11, 7.385953526479622e-11, 7.405837783987957e-11, 7.31842786060699e-11]
[6.805136250476103e-11, 7.522194657024071e-11, 5.6840815203077486e-11, 7.008990592203468e-11, 5.7608702953128447e-11, 6.637139187316023e-11, 6.351532616435491e-11, 5.890051197067427e-11]
[5.7254266051199155e-11, 5.067717801265767e-11, 5.272915942466765e-11, 6.239896116036115e-11, 7.975735970269e-11, 6.169682111341543e-11, 6.114164578736289e-11, 6.425680563432032e-11]
[5.32273959870312e-11, 6.178764533222541e-11, 5.609573892525113e-11, 7.437939673469651e-11, 6.798502115896271e-11, 7.029245274056802e-11, 6.34995139992784e-11, 6.263253419779704e-11]
[7.334523733939808e-11, 7.158142226709997e-11, 7.21090142928266e-11, 7.264499587084568e-11, 7.055298751868913e-11, 7.1006586315367e-11, 7.27031388591715e-11, 7.430986801367875e-11]
[5.396761104012042e-11, 6.022234246152343e-11, 6.553100935375374e-11, 5.920665726723193e-11, 7.257605829028317e-11, 7.22905280542396e-11, 8.169733296584146e-11, 7.563508585067739e-11]
[6.721452054416602e-11, 6.060922864552098e-11, 5.5063720333665295e-11, 6.685645603981171e-11, 6.760849736090038e-11, 5.64134822325201e-11, 7.912972668286803e-11, 7.998984307572901e-11]
[8.251435922354711e-11, 6.708464685452794e-11, 6.313883293585273e-11, 7.489091362435668e-11, 6.608064983887874e-11, 7.411714310837283e-11, 7.975558966207972e-11, 8.225715929852609e-11]
[6.694931194754014e-11, 6.881987040476381e-11, 7.369539043039209e-11, 7.462077336891017e-11, 7.505670822091188e-11, 7.425554707551727e-11, 7.447371603920914e-11, 8.133189426036479e-11]
[7.749753824499155e-11, 7.597305965919645e-11, 7.724761835208406e-11, 7.392902425887061e-11, 7.640641624554038e-11, 7.652828482160642e-11, 7.59202031358756e-11, 7.792792606872117e-11]
[7.502317781847687e-11, 7.708680787963464e-11, 7.469372518024779e-11, 7.661039606856329e-11, 7.488948422006088e-11, 7.641259280367491e-11, 7.529488668754139e-11, 7.63111711519079e-11]
[7.213341276828046e-11, 6.183798668484324e-11, 7.478716811403023e-11, 7.437596523008349e-11, 6.732145839488988e-11, 7.326548911463803e-11, 7.434720317787118e-11, 8.403771581583078e-11]
[8.112329631556054e-11, 7.119175697378811e-11, 7.107820312881838e-11, 6.027820217727043e-11, 7.236709820505576e-11, 5.866507874326211e-11, 6.943503308737133e-11, 6.264942741604846e-11]
[6.418944778153544e-11, 5.822930853132241e-11, 7.110991572613349e-11, 6.36287121603902e-11, 6.925818281721667e-11, 7.217801763858826e-11, 7.26724129739823e-11, 7.983615750224406e-11]
[6.81453351088258e-11, 7.216965751389668e-11, 5.949506991974078e-11, 6.066565755260039e-11, 5.730348182601562e-11, 6.178421580457805e-11, 5.4045678318398584e-11, 5.165220250439283e-11]
[7.367823306100401e-11, 8.055529856018462e-11, 7.375549730654179e-11, 7.688338422025155e-11, 6.969534489720532e-11, 6.020227500391132e-11, 6.056103293770556e-11, 5.767854268813215e-11]
[7.271067235029027e-11, 7.446182656340887e-11, 7.287218999387908e-11, 6.468268641217938e-11, 7.199286045316864e-11, 7.311713157920728e-11, 7.05151941068195e-11, 6.39703316610753e-11]
[5.2814706060658465e-11, 5.412777990425089e-11, 6.356777507861271e-11, 7.278687996822477e-11, 7.294259901584769e-11, 6.710385576747345e-11, 5.867422719069251e-11, 5.921481286065273e-11]
[6.261679555727196e-11, 5.347381536729578e-11, 7.543232300527905e-11, 5.934381742183136e-11, 7.343595123328673e-11, 6.708456667510789e-11, 7.028560249083021e-11, 7.086347615434106e-11]
[8.135920623767976e-11, 6.229339875056665e-11, 6.954835093036824e-11, 7.418270366157015e-11, 6.057788999485466e-11, 6.96690539136141e-11, 5.6091369301800684e-11, 7.852834498393558e-11]
[7.548804455882169e-11, 6.990693900026421e-11, 6.530775440544432e-11, 7.370091789581977e-11, 6.873951711941771e-11, 7.632306398073906e-11, 6.994928820797845e-11, 7.095763211571415e-11]
[8.402566317741088e-11, 8.402019720309121e-11, 7.546972667562344e-11, 7.3001266531287e-11, 7.499396821434828e-11, 7.450635984725653e-11, 7.703820933228303e-11, 7.288931063075551e-11]
[5.653057749133782e-11, 7.561232845844947e-11, 5.4916963594573276e-11, 6.915686041494567e-11, 7.326396759767962e-11, 6.104931429441404e-11, 7.416273952823979e-11, 7.303093080546804e-11]
[6.089112943889683e-11, 8.221272365379567e-11, 6.238539060006573e-11, 7.440106028376109e-11, 6.927172688898294e-11, 7.769344853483962e-11, 6.533044295097427e-11, 6.050402081669747e-11]
[5.481641011818178e-11, 5.91461450051315e-11, 5.864205377383484e-11, 5.107292871651865e-11, 5.7276549310949335e-11, 7.239291385588177e-11, 7.387182557706124e-11, 7.327687502847036e-11]
[7.875266262700215e-11, 6.883891566626478e-11, 6.855037902449268e-11, 6.858981083001262e-11, 7.447143391924099e-11, 7.387848405405514e-11, 7.158192288305252e-11, 7.414844911287493e-11]
[7.895737643394552e-11, 7.372991274382294e-11, 7.349994183120635e-11, 7.440193118171818e-11, 7.019997846425796e-11, 7.289847422556698e-11, 7.992985795792618e-11, 7.447838024448842e-11]
[7.944906749409957e-11, 7.764532099344267e-11, 7.111132610845292e-11, 6.928038198953803e-11, 7.186279581341395e-11, 7.416468864274109e-11, 7.521401708706335e-11, 7.830653588726672e-11]
[8.418271123809078e-11, 7.10042464235981e-11, 6.471069805698797e-11, 7.348867640711536e-11, 7.113856130181122e-11, 7.335113213049274e-11, 7.995356551684427e-11, 7.190636662627143e-11]
[7.181573882594135e-11, 6.783879868999723e-11, 7.646640416721646e-11, 7.381364006819722e-11, 7.746690711233239e-11, 7.551548755115879e-11, 7.573023746518654e-11, 7.722691218744416e-11]
[6.397423820475174e-11, 7.519121419633203e-11, 6.556786978739655e-11, 7.561699907179064e-11, 6.490823748995807e-11, 5.613108744862895e-11, 5.308523111613867e-11, 5.852346911659531e-11]
[7.62963586116161e-11, 7.317759378291968e-11, 7.508029557230271e-11, 7.86225309171805e-11, 7.46477626416093e-11, 7.37861698022695e-11, 7.167670611968992e-11, 7.979124743655139e-11]
[7.80329886469344e-11, 6.94470613744239e-11, 6.751138654762415e-11, 5.7324110542440375e-11, 5.304581312076626e-11, 5.979881411195859e-11, 6.790546828944599e-11, 5.5052951149099535e-11]
[7.229017792039267e-11, 7.372396449429e-11, 7.348050371996482e-11, 7.442521707139917e-11, 7.516494196450555e-11, 7.467696188407146e-11, 7.689592428927403e-11, 7.910135899886603e-11]
[7.949832932055467e-11, 8.405549967429692e-11, 7.71964690404039e-11, 7.53266176724052e-11, 7.540318355140933e-11, 7.441822236578996e-11, 8.406425200260866e-11, 7.414181321431655e-11]
[5.7885154277768814e-11, 5.024985535179336e-11, 5.793922947456607e-11, 6.934194900542617e-11, 6.475972596203717e-11, 6.384634511515336e-11, 6.297747676947766e-11, 6.757922556683426e-11]
[7.574233574505759e-11, 7.626656905535635e-11, 7.49506662511593e-11, 7.985639602650679e-11, 7.212619826862633e-11, 6.330250853069476e-11, 5.81464111672981e-11, 6.217494496244108e-11]
[7.3797466120321e-11, 7.5424564693339e-11, 7.795935926511773e-11, 7.170035846984243e-11, 7.615020483581783e-11, 7.845639779358333e-11, 7.925363298596469e-11, 7.878178714814359e-11]
[7.002039663298773e-11, 7.258124272547488e-11, 5.7869200714757035e-11, 7.10913482516766e-11, 6.7127575233119e-11, 5.932704852751318e-11, 7.441310944045682e-11, 7.793757644728205e-11]
[5.532167738413767e-11, 5.278764489242359e-11, 6.098310650580549e-11, 6.517256655436665e-11, 7.052741841315805e-11, 5.865259564965133e-11, 5.402272912176045e-11, 5.912637773918416e-11]
[7.909343486478716e-11, 7.617389418328123e-11, 7.241666959684689e-11, 7.431009477634928e-11, 7.143646520725463e-11, 7.635718686341512e-11, 7.533479046005126e-11, 8.032781589741728e-11]
[7.850529989028547e-11, 7.329169921466415e-11, 7.47115823400725e-11, 7.036900097854842e-11, 7.160300263187074e-11, 7.29005488514888e-11, 7.096975788455952e-11, 7.815482035180424e-11]
[6.991544950728858e-11, 7.063599092554305e-11, 6.801021050701736e-11, 7.652311655138911e-11, 7.652311654956691e-11, 6.801021050729118e-11, 7.063599091763884e-11, 6.991544949635051e-11]
[6.410382533658271e-11, 7.555202096103803e-11, 5.63760959315618e-11, 5.7185591248047315e-11, 5.4964503488693354e-11, 5.944798435204445e-11, 6.599323450639249e-11, 4.909938475853503e-11]
[7.241112377186081e-11, 7.118741898508771e-11, 7.411077962366136e-11, 7.296821956901862e-11, 7.094618336193556e-11, 6.113036405421908e-11, 5.905415217244949e-11, 5.7735310992098196e-11]
[7.509359396659135e-11, 7.147577563916572e-11, 7.04493224146795e-11, 7.426430908802508e-11, 7.45584279581659e-11, 5.907094456319296e-11, 6.405168024723295e-11, 5.64018374781583e-11]
[7.278447533432757e-11, 7.197429302106321e-11, 7.249537904706463e-11, 7.114855218666284e-11, 6.211176770170853e-11, 6.600345857919446e-11, 6.36183791862621e-11, 5.669403411041066e-11]
[4.9465161672483966e-11, 5.417242681831444e-11, 6.178598750129153e-11, 6.309740531699408e-11, 5.398580720099053e-11, 7.540599143558564e-11, 5.951756826731521e-11, 7.790783583123711e-11]
[7.346468394156067e-11, 7.065207132257062e-11, 7.817280036119108e-11, 7.055476694833795e-11, 6.942805244619151e-11, 7.570029559622946e-11, 6.084867177370998e-11, 7.076359436922271e-11]
[7.068612514140537e-11, 7.220082077657607e-11, 7.190457703860879e-11, 7.448880559788555e-11, 6.4470207006578e-11, 7.064928439837539e-11, 5.886182528830604e-11, 5.5632382244788836e-11]
[7.423155459681337e-11, 7.519802499283346e-11, 6.287709743670214e-11, 5.861399852941493e-11, 5.998851196377187e-11, 6.333923355565783e-11, 7.545708753262233e-11, 8.201327308424047e-11]
[6.227082525871382e-11, 5.634285686736709e-11, 5.4522068375436757e-11, 7.244276678387695e-11, 6.998827800510744e-11, 6.627266455677949e-11, 6.181146297085157e-11, 6.108337730241478e-11]
[7.230997830150686e-11, 7.140068178599068e-11, 7.4278664542483e-11, 7.443005881291039e-11, 7.307668476166891e-11, 7.35401385952966e-11, 7.715651274528152e-11, 7.719290262903276e-11]
[8.065912697485485e-11, 5.980550506864957e-11, 5.340985876986637e-11, 5.968994399709708e-11, 6.388403270935344e-11, 5.372535762722022e-11, 6.359354327562646e-11, 5.2279633610634416e-11]
[8.394692559332712e-11, 7.218135779247897e-11, 7.626701338196623e-11, 7.196935672562322e-11, 7.358494079050531e-11, 7.431606785304432e-11, 7.256743567184857e-11, 7.131664635489204e-11]
[5.509442522589041e-11, 6.67053015202375e-11, 5.4715187118828954e-11, 6.199681583365587e-11, 7.017894715656799e-11, 5.90693968022789e-11, 5.964762842768516e-11, 5.7668727775528465e-11]
[7.834432282392195e-11, 7.507822439696974e-11, 7.396733804155424e-11, 7.227185856198082e-11, 6.95972354713174e-11, 6.900243433507214e-11, 7.693509860489161e-11, 7.821894063893998e-11]
[6.405076805575619e-11, 5.871877763241942e-11, 6.293326337927535e-11, 6.776377627359721e-11, 7.052304946118245e-11, 7.021224705731222e-11, 5.535113145344084e-11, 5.007101416628603e-11]
[7.597064271936944e-11, 7.499695948768631e-11, 6.375190136902496e-11, 6.84403589454168e-11, 5.6372464252768775e-11, 6.688483511115782e-11, 6.527484443078734e-11, 5.488214033931622e-11]
[7.298455238041396e-11, 7.509414027994396e-11, 7.301786014313165e-11, 7.300185729361545e-11, 7.784853341719194e-11, 7.262692182452974e-11, 7.806104745007294e-11, 7.17153077333874e-11]
[5.699604651420868e-11, 5.7081767252705406e-11, 7.012507662068413e-11, 7.844095963009003e-11, 5.994173361356393e-11, 7.868949684809453e-11, 4.973081852730178e-11, 5.7135334883007004e-11]
[5.934932135848692e-11, 6.122989297919349e-11, 5.484152032780912e-11, 5.468269228144291e-11, 6.433831576556716e-11, 5.50765666593159e-11, 5.551866963550056e-11, 5.825349495377707e-11]
[7.622479376416933e-11, 6.809927865801741e-11, 7.529189926852234e-11, 6.135464671249554e-11, 7.213963736963919e-11, 7.784324891813274e-11, 6.451920862507404e-11, 7.65567907727037e-11]
[6.229127743416325e-11, 6.380692494038953e-11, 7.531311360780509e-11, 7.18058038759468e-11, 7.34882144727789e-11, 7.18847900377119e-11, 7.99069378471659e-11, 7.078510566197532e-11]
[6.285465649221909e-11, 8.121451327750756e-11, 5.806850704470173e-11, 6.214151342980743e-11, 5.98989192603072e-11, 4.9566489696927854e-11, 5.3898139639638845e-11, 7.891673138395045e-11]
[7.285460175525383e-11, 7.369596465325168e-11, 7.37969351521977e-11, 6.463342099604896e-11, 7.115895316065767e-11, 5.778875239745888e-11, 8.390356032909438e-11, 5.822701446934577e-11]
[5.802426401449255e-11, 6.222945645072008e-11, 5.4670504171588256e-11, 5.8024264005089535e-11, 5.802426400649245e-11, 5.467050416953611e-11, 6.222945645284531e-11, 5.8024264011171206e-11]
[5.876900537234755e-11, 7.232680104544877e-11, 7.023591613018456e-11, 6.01537159211442e-11, 6.035821981126769e-11, 6.99513733177889e-11, 5.88911257805057e-11, 8.399657266550136e-11]
[6.273036049600786e-11, 7.382601364405202e-11, 5.72559982032029e-11, 6.340425520923016e-11, 7.346749495123326e-11, 5.866042850652779e-11, 6.841428581505865e-11, 7.80041864583747e-11]
[8.353168854716259e-11, 7.278386453510625e-11, 7.40528823547565e-11, 7.497917673091899e-11, 7.28954966965812e-11, 6.324691977889905e-11, 6.574383705723483e-11, 6.383716255243202e-11]
[6.955991137496787e-11, 5.735461610751428e-11, 5.252411678517214e-11, 6.4851706633472e-11, 6.068843560235457e-11, 6.287158870801833e-11, 7.00154338568152e-11, 7.589723103604109e-11]
[6.83580970958475e-11, 7.041868050256812e-11, 6.75684768557253e-11, 7.560668691165072e-11, 5.6323377339853956e-11, 7.569372103304983e-11, 6.277942883878627e-11, 5.4527433831244844e-11]
[6.758715650277052e-11, 6.725436423174547e-11, 7.66552901299478e-11, 7.152125186541292e-11, 6.905669546605798e-11, 5.979707595082482e-11, 5.995934372181119e-11, 5.725527484942577e-11]
[5.784158107727634e-11, 6.296644051438176e-11, 5.66524697241528e-11, 6.876313389225029e-11, 6.545973276942439e-11, 6.138623211688563e-11, 5.859852183540319e-11, 6.832608693627856e-11]
[7.6583873567197e-11, 6.940556077828178e-11, 6.389334489062463e-11, 6.492906989352712e-11, 7.035657439781093e-11, 5.830728622960147e-11, 7.196029889355722e-11, 4.8909311735026603e-11]
[6.637455929977783e-11, 6.108883617235869e-11, 6.541991530562846e-11, 7.601223327370933e-11, 7.214610694750544e-11, 6.314489309364795e-11, 8.398805290121069e-11, 6.152071732750681e-11]
[5.4997201482703086e-11, 5.004413029843132e-11, 5.567012714824175e-11, 6.759760366205022e-11, 5.603750202024917e-11, 5.0196273150320236e-11, 7.962301144318151e-11, 5.148501728505979e-11]
[8.396297110562188e-11, 8.39066973864181e-11, 7.5032182597977e-11, 7.363115748797343e-11, 7.472004002687877e-11, 7.521454129388374e-11, 6.988717810200801e-11, 7.111480293560448e-11]
[7.393208372543485e-11, 7.219100774341625e-11, 7.353786917459157e-11, 7.503341638957778e-11, 7.751635953289108e-11, 7.677182563697617e-11, 7.961296355500103e-11, 7.669157416014465e-11]
[8.059517365715348e-11, 6.304175671662857e-11, 5.843989727012647e-11, 7.282809413803821e-11, 6.235751026966839e-11, 7.662324212850729e-11, 7.665961288674084e-11, 7.990902824168007e-11]
[6.06747354208498e-11, 5.180620295848551e-11, 5.305584702012434e-11, 6.129649281340957e-11, 5.923362049401345e-11, 6.490701273010451e-11, 7.338059396443643e-11, 5.978883668911991e-11]
[5.522318021215977e-11, 5.98266282564909e-11, 8.232566297173221e-11, 6.212705576861148e-11, 7.108156345245137e-11, 7.466807324607963e-11, 7.160612841127274e-11, 7.23275911716105e-11]
[5.12946075524812e-11, 8.378165535365511e-11, 5.474155800341864e-11, 6.972002244127267e-11, 6.47272218060133e-11, 7.004302470998599e-11, 6.378501041713599e-11, 6.513582631382915e-11]
[7.302707148625846e-11, 6.979055063578264e-11, 7.121725864179286e-11, 7.398693798970661e-11, 7.50742446878292e-11, 7.022689928223834e-11, 7.258495481338182e-11, 7.255702002591605e-11]
[7.42757418955956e-11, 7.92774179282331e-11, 7.504192807168724e-11, 7.018529188356296e-11, 7.415354955156466e-11, 7.259000209069303e-11, 8.22323025775173e-11, 7.679074864546523e-11]
[7.893519683114855e-11, 7.341747118328232e-11, 7.423157550332182e-11, 7.494404241336402e-11, 7.57995524951371e-11, 7.445846815430497e-11, 7.483757145116522e-11, 7.690502022304259e-11]
[7.5578222727322e-11, 7.569914411723766e-11, 7.89265490078458e-11, 7.386802952913493e-11, 7.451450753886804e-11, 7.591721157051091e-11, 8.016289849380478e-11, 7.749337827691134e-11]
[7.319407157505188e-11, 7.429162878674153e-11, 7.715620795793855e-11, 7.378425514188294e-11, 7.171802244442025e-11, 7.685894227036449e-11, 7.488622014632268e-11, 7.806656950002943e-11]
[8.141660701871548e-11, 7.094041542064612e-11, 6.798624017909276e-11, 7.253896559271502e-11, 7.647569509454221e-11, 7.011089992335037e-11, 7.399214327235808e-11, 6.980758528536396e-11]
[7.355222865538599e-11, 7.414096620804813e-11, 7.49279822342758e-11, 7.353056572851068e-11, 7.546958819942276e-11, 7.158371916767602e-11, 7.454576826489752e-11, 7.3600091537491e-11]
[5.955576091287861e-11, 5.1778369382738696e-11, 6.888529029598717e-11, 7.039672021183156e-11, 5.97042037240645e-11, 6.721346897519169e-11, 6.886095017917997e-11, 7.215232510915276e-11]
[7.163278136666798e-11, 6.991443529371297e-11, 7.499951307412298e-11, 7.009495196506806e-11, 7.291322214478437e-11, 6.987033746910463e-11, 6.931871509054098e-11, 7.176558651365237e-11]
[6.044354524572493e-11, 6.004863636057435e-11, 6.207681569958142e-11, 5.840733397796797e-11, 6.423625763188302e-11, 7.970752776199761e-11, 7.369817075417628e-11, 7.894549781220249e-11]
[5.76708515556325e-11, 6.044590942863043e-11, 5.387687722845643e-11, 7.014641191862031e-11, 6.647750831035982e-11, 5.929172327940243e-11, 5.718585921568459e-11, 6.834349151042861e-11]
[5.1720765870995645e-11, 5.90807791744007e-11, 6.322871565749122e-11, 6.149248190467747e-11, 6.168404791039235e-11, 6.377150924527175e-11, 6.288633281938568e-11, 6.870159825065458e-11]
[7.53146618349224e-11, 7.484191807537937e-11, 7.867850310814379e-11, 7.216837101357945e-11, 7.04289655133774e-11, 7.061356631762693e-11, 7.405266851959899e-11, 8.038080698434733e-11]
[6.196070459568297e-11, 6.284440381826558e-11, 7.083622791749033e-11, 6.392480855666561e-11, 6.854261773261735e-11, 6.991586708789352e-11, 5.165107360421367e-11, 5.857746191137424e-11]
[7.567555812692277e-11, 7.373000880941389e-11, 7.292937290231139e-11, 6.784080950015445e-11, 7.737849187819987e-11, 5.844604202722808e-11, 6.216594044102676e-11, 5.5254772516281004e-11]
[7.970447072325926e-11, 7.400223120482837e-11, 7.444788746706424e-11, 7.117555760043095e-11, 7.61959713530834e-11, 6.069905821295654e-11, 6.435238029556292e-11, 5.877560775988402e-11]
[7.771355708948317e-11, 7.518359501360129e-11, 7.415212863500277e-11, 7.210223726656245e-11, 6.916038088464726e-11, 6.917087474725743e-11, 7.493536917776667e-11, 7.454192424100853e-11]
[5.392278423996828e-11, 5.9284217787356e-11, 7.1064343813932e-11, 7.056815118669775e-11, 6.757217213819427e-11, 6.526564051428298e-11, 6.419125114969427e-11, 7.994388301977115e-11]
[7.876335430313068e-11, 6.264632042226103e-11, 6.527098395031675e-11, 6.967822988597071e-11, 5.926953024807015e-11, 7.22646540947652e-11, 4.946060844344532e-11, 5.920093706698318e-11]
[4.952984032969347e-11, 6.095711152934674e-11, 5.93155118261978e-11, 7.031285130215646e-11, 6.822348113099863e-11, 7.032095377217103e-11, 7.07650266841857e-11, 7.773072735864004e-11]
[8.357814403778991e-11, 7.405401502718478e-11, 7.258607094512827e-11, 6.969335408989838e-11, 6.142077605625405e-11, 6.13117803352853e-11, 5.925787569579328e-11, 6.134739840405109e-11]
[5.998093493470835e-11, 5.077668337310888e-11, 6.671008442852484e-11, 7.031969725361758e-11, 5.855781647603125e-11, 6.592529260125593e-11, 6.368173130654321e-11, 6.937380722622006e-11]
[6.962381773372735e-11, 7.827891342601917e-11, 7.231319631411202e-11, 6.956063991388432e-11, 7.480469773983137e-11, 7.387197736614854e-11, 8.214527881698786e-11, 7.196467613999715e-11]
[7.1841502934576e-11, 5.85228784033651e-11, 5.44457697023466e-11, 7.278033616657146e-11, 6.107394635412642e-11, 7.109470084293689e-11, 7.714611383008195e-11, 7.30263984880459e-11]
[4.7789994406267664e-11, 5.824729061268864e-11, 5.3017433742025625e-11, 5.514276481797905e-11, 6.796588174978762e-11, 5.3104117338992556e-11, 8.148522764664628e-11, 7.88388412617031e-11]
[5.872251096388139e-11, 6.405174262740213e-11, 7.217347470998001e-11, 5.633736465215139e-11, 6.405174262084496e-11, 4.7649157067023275e-11, 5.63373646547135e-11, 5.872251095259686e-11]
[8.1890482565422e-11, 7.267851115564229e-11, 7.110700405935678e-11, 7.082917801987583e-11, 6.219799755636466e-11, 7.12145565471137e-11, 7.291156956934644e-11, 8.224240384352156e-11]
[7.785355606021396e-11, 7.982489936433053e-11, 7.409306467253087e-11, 7.509177060084307e-11, 7.457273726803821e-11, 7.429694165082332e-11, 7.688793652446365e-11, 8.400433841652871e-11]
[7.918769421480194e-11, 7.5185911457362e-11, 7.363833046833567e-11, 7.518591145784743e-11, 6.928186674478526e-11, 7.363833046091838e-11, 7.560529711847667e-11, 8.227760190523338e-11]
[6.967585876608032e-11, 7.097714589816707e-11, 7.107791862065391e-11, 6.310376353387734e-11, 7.294010290388211e-11, 7.221957983683057e-11, 5.443940567136872e-11, 6.064034738311977e-11]
[8.246961173190114e-11, 7.63204460306721e-11, 7.534222724017949e-11, 7.795884077026578e-11, 7.645680162983617e-11, 7.502025266693349e-11, 7.869602627425033e-11, 7.57932561399284e-11]
[5.919501950131479e-11, 5.913456993976417e-11, 6.041156856346719e-11, 6.103738934803737e-11, 7.163729556898884e-11, 7.478448868690786e-11, 7.164748449535882e-11, 7.431715867372377e-11]
[7.5440342190358e-11, 6.88723650944505e-11, 6.560535780986636e-11, 7.449304134820435e-11, 7.220557642581993e-11, 7.493086238884254e-11, 7.578645789069623e-11, 8.395292842706989e-11]
[5.824288133047206e-11, 5.850568557336289e-11, 6.452391899024677e-11, 6.580457589892177e-11, 7.620307314187473e-11, 7.325906633335594e-11, 7.237359305946341e-11, 7.893074153278216e-11]
[8.213758193031116e-11, 8.162986383823657e-11, 7.092201065957634e-11, 6.769381652724714e-11, 6.912934016590511e-11, 5.742903693476737e-11, 5.872626632655053e-11, 6.117306546049797e-11]
[8.059320525640225e-11, 8.227793325887097e-11, 7.712663522658948e-11, 7.491717403090172e-11, 7.190936916656248e-11, 8.009600063095749e-11, 6.103916415616882e-11, 7.384919602575138e-11]
[7.660380103094819e-11, 7.149119714677343e-11, 7.400675980765978e-11, 7.328336689392329e-11, 7.321763940109245e-11, 6.558343630947509e-11, 6.866965707583701e-11, 7.253319507642757e-11]
[5.2128426968092447e-11, 5.928966973079046e-11, 8.209693181254233e-11, 6.139205915409694e-11, 6.353648336360907e-11, 6.582125261614115e-11, 6.636853981346456e-11, 8.187481488013109e-11]
[6.105959570124802e-11, 5.504218208812706e-11, 5.2176822693962556e-11, 7.803929944049159e-11, 6.196053262764868e-11, 6.815697861519986e-11, 6.056816159197971e-11, 5.866081512624956e-11]
[6.859978983464923e-11, 5.193618346246464e-11, 6.18558096085991e-11, 6.083225279497443e-11, 5.1103438649646706e-11, 6.729198180665482e-11, 6.01054542961184e-11, 7.10620611940238e-11]
[7.456637492651236e-11, 7.610106392382625e-11, 7.592329655939006e-11, 7.671496301876324e-11, 7.008413932556084e-11, 6.255925057923689e-11, 6.076580679905586e-11, 5.787992373127995e-11]
[7.794975785236218e-11, 6.328495370736215e-11, 6.858527311480813e-11, 6.891494292791327e-11, 5.5238569919728645e-11, 6.405287450813341e-11, 7.091535666389461e-11, 5.334973313327703e-11]
[8.378079290890977e-11, 7.330003385940401e-11, 7.392812938017146e-11, 6.418146936523218e-11, 7.62865617465275e-11, 6.076903103927604e-11, 5.94780380552492e-11, 6.369359798883041e-11]
[7.504674509339699e-11, 5.628331501983002e-11, 6.374154179608838e-11, 6.949307522214925e-11, 4.9264182563769764e-11, 5.175561638372528e-11, 5.445577318514705e-11, 5.251184421773556e-11]
[7.49234108667535e-11, 7.970234861361675e-11, 7.672723691479884e-11, 7.417483462690994e-11, 7.364969181482942e-11, 7.093406408651595e-11, 6.501506925395325e-11, 6.961535710125818e-11]
[4.986193484685247e-11, 5.3148840135140227e-11, 5.736739776993552e-11, 6.098124010085507e-11, 6.20331835095062e-11, 5.0860636401954135e-11, 5.76469286496154e-11, 5.8078957952699396e-11]
[7.287862423499452e-11, 6.893547345982607e-11, 6.490208378441612e-11, 6.719291627914651e-11, 6.879710772447753e-11, 7.159465614685052e-11, 7.211707874477798e-11, 6.678312830273344e-11]
[8.058821350992795e-11, 7.707735713088582e-11, 7.985565696409704e-11, 7.485449380548937e-11, 7.192999221095569e-11, 6.122299858979453e-11, 7.250775490801079e-11, 8.060733711930762e-11]
[7.40236492065993e-11, 6.615759019469524e-11, 6.263856277274673e-11, 6.683613239009838e-11, 7.150135184574559e-11, 6.973487750682572e-11, 6.116161490852912e-11, 6.50799439846257e-11]
[8.44137258829582e-11, 7.474387600551075e-11, 7.541157460217517e-11, 7.154456155174996e-11, 7.419752559121301e-11, 7.430800511676084e-11, 7.062639194016552e-11, 7.276166887668142e-11]
[6.521296126158547e-11, 6.891086553566963e-11, 7.283284016409557e-11, 7.239809894215072e-11, 7.214317575461636e-11, 7.317188590958678e-11, 7.016666102496304e-11, 7.885767269402441e-11]
[8.189407927550809e-11, 7.431272455537463e-11, 7.424875458943276e-11, 7.194393931531555e-11, 7.275118602730918e-11, 8.06479279796359e-11, 7.18931444792854e-11, 5.804821428020528e-11]
[7.405286656887935e-11, 7.411482319519693e-11, 8.227519850124491e-11, 7.574959010608427e-11, 7.337487312997228e-11, 7.110983927970834e-11, 6.461060895744349e-11, 6.882769129904213e-11]
[6.416771638317472e-11, 6.644084108946595e-11, 7.429579801361043e-11, 6.367420923565541e-11, 7.098625224212335e-11, 6.0260576517616e-11, 5.631946782463232e-11, 7.898120460184431e-11]
[6.258790430215828e-11, 7.019540624739568e-11, 6.697989327137652e-11, 7.229058106715123e-11, 7.019540624866754e-11, 7.091831034899265e-11, 6.697989326720018e-11, 6.258790429154502e-11]
[7.369275811615175e-11, 7.369275813202136e-11, 7.408792212884744e-11, 7.408792212286005e-11, 6.086911555863716e-11, 5.895364412584439e-11, 5.895364412382079e-11, 6.086911556147117e-11]
[6.922500742564482e-11, 6.431680611612795e-11, 6.47392798716726e-11, 7.457281616330505e-11, 7.444722064566976e-11, 7.227804471482545e-11, 7.401441753464092e-11, 7.40448086430397e-11]
[5.4208095781384894e-11, 5.351312558073112e-11, 6.858215122393592e-11, 5.862640346800197e-11, 6.8199216095366e-11, 6.400533575934496e-11, 6.12288108381839e-11, 6.241977892472165e-11]
[7.347451955215271e-11, 7.13416236336424e-11, 7.35181045679327e-11, 6.047064823763646e-11, 7.337790189256166e-11, 6.799768520091059e-11, 5.7000096773390635e-11, 5.7137692238736475e-11]
[7.73915833797989e-11, 5.310151967505382e-11, 6.361192429571111e-11, 6.955323317518488e-11, 5.0018995377458146e-11, 5.3407580648656313e-11, 5.409156385752587e-11, 5.3182415587865224e-11]
[8.402873136225428e-11, 7.648045107737217e-11, 7.334107312694624e-11, 7.715884111773619e-11, 7.378215779858886e-11, 7.197105193572927e-11, 7.322558390758984e-11, 7.248672313507443e-11]
[5.428292810908134e-11, 5.865171779992258e-11, 5.746256359286788e-11, 5.601053060377231e-11, 5.74625635926073e-11, 5.6010530608835114e-11, 5.428292810898616e-11, 5.865171779274529e-11]
[7.584142475520734e-11, 7.526982110500758e-11, 7.587979389574443e-11, 7.575375629700686e-11, 7.442446769175e-11, 7.645143795241011e-11, 7.47616279733655e-11, 7.53792611292026e-11]
[6.922579241325369e-11, 7.963861204438952e-11, 7.304012302541591e-11, 7.259310801668948e-11, 7.133098203408471e-11, 7.445850908069923e-11, 6.437218157211477e-11, 6.198494114463009e-11]
[7.139432212349136e-11, 7.363343397344541e-11, 7.104432062362113e-11, 6.3446143232694e-11, 5.705816219288562e-11, 6.11756234695381e-11, 6.706369020105608e-11, 5.6523685050710505e-11]
[8.2364781747723e-11, 7.892089443537441e-11, 7.711696284565474e-11, 7.189028777366765e-11, 7.48449254623586e-11, 8.070406922703138e-11, 7.235758497555963e-11, 6.306862971948042e-11]
[8.390123205173488e-11, 7.162501370587508e-11, 6.040070528782382e-11, 7.162501370826557e-11, 6.889296613827848e-11, 6.04007052955637e-11, 6.889296613975068e-11, 7.834595427285797e-11]
[5.605212268687388e-11, 5.235752767501238e-11, 7.304961178493854e-11, 7.36290601774741e-11, 6.092160679040401e-11, 7.453248585036016e-11, 5.803444529267631e-11, 5.407445298381726e-11]
[6.279536105830928e-11, 6.571366061912046e-11, 7.835970352569412e-11, 7.433468932385635e-11, 7.47710766407342e-11, 7.995162579938372e-11, 6.285668846214518e-11, 6.602640556184683e-11]
[5.472961210353105e-11, 6.491693709395835e-11, 8.225329533105087e-11, 6.49169370907128e-11, 7.496541798652901e-11, 7.496541798771737e-11, 7.260011961483687e-11, 8.22532953267956e-11]
[7.40589969752262e-11, 7.306111868713611e-11, 7.725412591653764e-11, 6.925477779634809e-11, 7.149942616646933e-11, 6.976985778860546e-11, 6.693734424875502e-11, 6.963763018903063e-11]
[7.81636413527611e-11, 8.27123845560946e-11, 7.742938201747618e-11, 7.197472177217467e-11, 7.375177635959081e-11, 7.433004852767438e-11, 7.595411852152275e-11, 7.537238120929911e-11]
[5.706574139591437e-11, 5.900642633708876e-11, 6.163101581881837e-11, 7.024945921314258e-11, 6.73403826353853e-11, 6.848962192982823e-11, 7.960106495609167e-11, 6.591105883108521e-11]
[6.777377224032586e-11, 6.055869444380315e-11, 6.135482461607045e-11, 5.817447303842627e-11, 5.286268589843912e-11, 6.503544241208337e-11, 6.096676158175847e-11, 5.167359325682251e-11]
[6.524630286104964e-11, 7.37731935529523e-11, 6.944397137914699e-11, 6.852290480024232e-11, 7.294877414211676e-11, 7.196883606249292e-11, 7.980829022294502e-11, 7.417599369761282e-11]
[7.829466196159044e-11, 7.45296008758963e-11, 5.2290647884987664e-11, 6.84306604388507e-11, 7.032064261744102e-11, 7.039213036803219e-11, 7.042255585933865e-11, 7.133529803376656e-11]
[7.18771870447141e-11, 7.701317940446758e-11, 7.675679755773671e-11, 7.416760504585783e-11, 6.917549753113885e-11, 7.523541111426783e-11, 6.928632037581422e-11, 7.823670229762238e-11]
[6.037742447789829e-11, 6.879077398006529e-11, 7.021047201790207e-11, 6.522477886995111e-11, 7.290948118150482e-11, 7.097520245640778e-11, 7.007257034208824e-11, 6.815723457397155e-11]
[6.461520266888602e-11, 5.929975382361206e-11, 5.3458660097812677e-11, 5.3029110627315184e-11, 5.786144737256088e-11, 5.736289019371365e-11, 4.7470207956419346e-11, 7.409560410928239e-11]
[8.385922027062927e-11, 7.388472168676625e-11, 7.38634166991087e-11, 7.305060961851231e-11, 7.305060961879565e-11, 7.386341670070551e-11, 7.388472168526678e-11, 8.385922026121982e-11]
[5.763197310154544e-11, 5.366808084499842e-11, 6.14165574267264e-11, 5.99466283661772e-11, 7.665846384938093e-11, 5.405378134526557e-11, 7.604553017364516e-11, 4.928391136473053e-11]
[6.534709063556974e-11, 6.608961997533598e-11, 7.089496515122373e-11, 7.81689818548454e-11, 6.524622725717441e-11, 6.085933886817735e-11, 6.093178413292251e-11, 5.632530247032519e-11]
[7.87576123988193e-11, 7.300771177267278e-11, 7.32429913629901e-11, 7.427072642093201e-11, 7.418173055599137e-11, 7.405902415943665e-11, 7.476628559238441e-11, 8.357749586511678e-11]
[7.202448303387312e-11, 7.338436170611045e-11, 7.448193695806636e-11, 7.616967269245451e-11, 7.150675377553554e-11, 8.007923770719203e-11, 7.466946476554287e-11, 7.024040999210518e-11]
[7.325333887962104e-11, 6.422727302625217e-11, 6.365171866933958e-11, 7.243812944398555e-11, 7.002739919194393e-11, 7.215423401676471e-11, 7.208040478467802e-11, 7.044663019992457e-11]
[5.613445994647477e-11, 5.557385797723102e-11, 6.23282088810767e-11, 6.221776719018907e-11, 7.092524014540706e-11, 7.988405977052209e-11, 5.742867938267907e-11, 5.937604010022672e-11]
[5.4815071153493285e-11, 5.963807549074147e-11, 6.16962183006038e-11, 5.920539624635804e-11, 6.997338449570496e-11, 7.127593203968982e-11, 8.123354998669579e-11, 7.962206924772528e-11]
[7.352025380149408e-11, 7.799801767595027e-11, 7.32516561288611e-11, 7.103907980734689e-11, 7.516310265596189e-11, 7.000610841630234e-11, 7.852207161742105e-11, 7.294563852981746e-11]
[6.801018723237002e-11, 6.474776004285748e-11, 6.884355729036998e-11, 7.577205822176769e-11, 6.843916968986933e-11, 6.547035053335548e-11, 6.246057376065938e-11, 6.849489299811055e-11]
[5.2849517796546925e-11, 5.4191654608433443e-11, 5.341408887129334e-11, 4.965020313878853e-11, 6.949816123415593e-11, 6.362994707194394e-11, 5.644956593339102e-11, 7.98681897430442e-11]
[7.763904924419692e-11, 7.676957616004968e-11, 7.579007950034844e-11, 7.790181979595742e-11, 7.56395008076463e-11, 7.621936404019175e-11, 7.647532610079193e-11, 7.541733411672045e-11]
[7.420405183727e-11, 7.34578633162348e-11, 7.476717253972129e-11, 7.331007641069557e-11, 7.416139665939217e-11, 7.272737841558924e-11, 7.138988272476448e-11, 8.393450440969716e-11]
[8.018170088465145e-11, 7.415708067162466e-11, 7.544654629033416e-11, 7.453472318810836e-11, 7.321118501196478e-11, 7.476158729876259e-11, 7.156668904963752e-11, 7.650259584473783e-11]
[4.992968613665374e-11, 6.04467235099101e-11, 5.6660988089868427e-11, 5.5352897424757606e-11, 7.000761917218903e-11, 5.687974092073874e-11, 7.681903971415192e-11, 7.68182656477993e-11]
[7.21385971962156e-11, 7.320547107441325e-11, 6.234550522528889e-11, 6.080566523180308e-11, 7.336542535401233e-11, 5.687882040532819e-11, 5.47739952170852e-11, 6.24561394812246e-11]
[7.112065220515532e-11, 7.1421462852852e-11, 7.113955032503995e-11, 7.28796426456652e-11, 6.041371820791706e-11, 5.835960628470418e-11, 7.968357110417815e-11, 5.963068555855885e-11]
[7.122527264991568e-11, 6.836293336721296e-11, 7.065868938534461e-11, 7.240659374715463e-11, 7.03328389698158e-11, 5.012171844565839e-11, 7.064403243788035e-11, 8.048046712622719e-11]
[7.010210406244669e-11, 7.262888876654162e-11, 7.396372082847768e-11, 7.18892352279792e-11, 7.251859838585982e-11, 6.903325361141645e-11, 8.174062018233192e-11, 6.470928825487388e-11]
[5.766294251336349e-11, 6.119877550601577e-11, 6.201879100979012e-11, 6.63695639481247e-11, 8.011425819378957e-11, 8.048886774361889e-11, 7.123559854234187e-11, 7.114884333367374e-11]
[7.813332195723956e-11, 6.457736419759308e-11, 6.348862252599027e-11, 7.187401063880599e-11, 6.816017427081186e-11, 5.6703769369676464e-11, 5.7303035463525836e-11, 5.890466552358777e-11]
[6.391531207602518e-11, 6.996785888254705e-11, 7.546829730461904e-11, 6.559632214880393e-11, 6.47130033172012e-11, 6.040013954361801e-11, 7.300823053915851e-11, 7.802898855094346e-11]
[5.419237669366733e-11, 6.274322294912546e-11, 6.21409390807555e-11, 7.478944072570598e-11, 6.869276928147757e-11, 5.99826403654161e-11, 8.402064391541044e-11, 6.063756396012606e-11]
[6.830677445930216e-11, 6.067015488171206e-11, 6.23173837622617e-11, 7.318868716801074e-11, 6.132137363547089e-11, 5.836670068005241e-11, 6.400769631737829e-11, 6.265750778629198e-11]
[8.215136682353089e-11, 6.9415781561607e-11, 6.84195993797827e-11, 7.404936443825288e-11, 6.935578084186664e-11, 7.563708718276244e-11, 7.371952155010355e-11, 7.000241601098116e-11]
[5.358410110436664e-11, 5.512840219149973e-11, 6.095025883673203e-11, 6.239417392045459e-11, 7.795502975045877e-11, 6.936931891192171e-11, 6.952892694745053e-11, 6.861181008489964e-11]
[8.052798667455312e-11, 6.011514237543568e-11, 5.585722433005955e-11, 6.969296589357487e-11, 5.96334519197394e-11, 7.108859370113809e-11, 7.281257047047998e-11, 8.060011677403675e-11]
[7.474700647507121e-11, 7.28516313924061e-11, 7.757622378051983e-11, 6.572529609874316e-11, 6.32286875098871e-11, 7.284265852122853e-11, 6.371371974336031e-11, 7.242660205703258e-11]
[7.451032467451637e-11, 7.552569231560328e-11, 7.785661159390578e-11, 7.575183172683793e-11, 7.904472767047122e-11, 7.38297440953008e-11, 7.190106448811797e-11, 7.41566710745744e-11]
[7.886174543509506e-11, 7.488451276189216e-11, 6.083666815385803e-11, 7.557509384316362e-11, 7.196626344754268e-11, 7.203341921016789e-11, 7.782398779061812e-11, 8.048279392414615e-11]
[6.269325867927011e-11, 5.997012316133136e-11, 6.79093718747572e-11, 7.787648124560312e-11, 6.866721738429387e-11, 5.826105564840745e-11, 5.5440434796526304e-11, 6.156852873580625e-11]
[7.805375183058002e-11, 8.41091975312832e-11, 7.64811208742448e-11, 7.276300515502621e-11, 7.326988282185262e-11, 7.208472115872169e-11, 7.313864077572206e-11, 8.40653242339734e-11]
[7.462544873811092e-11, 7.393161802591545e-11, 7.97427185666707e-11, 6.728778565493933e-11, 7.201509557536373e-11, 7.170811622266658e-11, 6.621847237042e-11, 7.09976040084678e-11]
[5.738689193968194e-11, 6.079661655050997e-11, 7.244186665178724e-11, 6.941956350972678e-11, 6.779517401565779e-11, 6.883471242784201e-11, 7.81595880065743e-11, 8.143189505429109e-11]
[5.784696627214185e-11, 7.488340021431419e-11, 7.845359253696414e-11, 7.179414395483296e-11, 7.036656589169044e-11, 7.051912076342244e-11, 7.383542045903565e-11, 7.807013828354611e-11]
[5.151567100547647e-11, 7.778619036691714e-11, 5.2064070124131844e-11, 6.274111234668916e-11, 6.21365592878841e-11, 6.186059474398144e-11, 5.7679080362609265e-11, 5.935320895305625e-11]
[6.343121978706603e-11, 6.67117955691066e-11, 6.926981615635826e-11, 7.399870644089039e-11, 7.536313584935617e-11, 7.536726024854769e-11, 6.292921381146595e-11, 6.913388976597139e-11]
[7.098015181141922e-11, 5.813413221921294e-11, 6.949952904455651e-11, 6.099298082280248e-11, 7.399376254273042e-11, 7.713496817129031e-11, 7.617882890243714e-11, 7.860995913142881e-11]
[7.744268057723155e-11, 5.1528428875399025e-11, 6.407751925685532e-11, 5.695015429893257e-11, 5.86775646698079e-11, 6.578827597673212e-11, 5.653828557162041e-11, 5.29042376113541e-11]
[7.070155368270612e-11, 7.98280896598101e-11, 7.127487122439142e-11, 7.289769198396737e-11, 6.312143956241882e-11, 5.966224547655659e-11, 5.459395444508285e-11, 5.7128494241600636e-11]
[7.563848548700201e-11, 7.57543584831395e-11, 7.416627476669211e-11, 7.48630293847309e-11, 7.588307467294062e-11, 7.79351565050113e-11, 7.899364268516294e-11, 7.629030975799265e-11]
[6.677654559541945e-11, 5.970392006969293e-11, 6.383515539760779e-11, 7.2121961210917e-11, 7.80283054323983e-11, 7.496049353167301e-11, 7.583704243688391e-11, 7.594629719833372e-11]
[5.417493047622264e-11, 5.991076164255415e-11, 6.343143691079568e-11, 5.58936617576652e-11, 6.737534242915838e-11, 6.013237546457896e-11, 6.608802992470203e-11, 7.997252231953102e-11]
[7.355709532212255e-11, 7.453227502010292e-11, 7.350307689987652e-11, 7.495722671614492e-11, 7.392102965568601e-11, 7.585309727458585e-11, 7.994387883143715e-11, 7.486174635469808e-11]
[7.001007305709117e-11, 6.788254490837296e-11, 7.050079887864935e-11, 7.419577110368232e-11, 7.064314926791959e-11, 7.282368668244931e-11, 7.22748979137905e-11, 7.10020780940166e-11]
[7.370667451740787e-11, 8.41225943793333e-11, 7.294766769034411e-11, 7.356677306222748e-11, 7.507959890974019e-11, 7.718729514003926e-11, 7.649013150194859e-11, 7.332171740923896e-11]
[6.842143058866486e-11, 6.95435619121907e-11, 7.279419330869867e-11, 7.144300080553978e-11, 6.978255813169236e-11, 7.40233689104999e-11, 7.158110870113621e-11, 7.388990355250334e-11]
[7.390010869626134e-11, 7.325602537465357e-11, 7.131433841169062e-11, 6.899038779529043e-11, 6.824408821712793e-11, 7.07815036377283e-11, 6.860429767991897e-11, 7.84752675872923e-11]
[7.176957318159437e-11, 8.321193651682256e-11, 7.055032193884235e-11, 6.599278973363014e-11, 5.838789765088396e-11, 6.38743141906308e-11, 5.925971014817311e-11, 5.961707960413923e-11]
[8.292935385299196e-11, 7.073697434053847e-11, 6.382436723140718e-11, 7.442071842539478e-11, 6.848102871970404e-11, 7.602457123794877e-11, 7.802446838381886e-11, 8.229729217057882e-11]
[7.489972196313997e-11, 7.223844700508332e-11, 7.337522023586884e-11, 7.223844700047135e-11, 7.59997931604351e-11, 7.761773263068617e-11, 7.489972196641051e-11, 7.599979316601705e-11]
[5.524343274729155e-11, 5.541506485546576e-11, 5.250752758599317e-11, 6.017479103101975e-11, 6.317001392106463e-11, 5.694802642058049e-11, 6.950248380967395e-11, 7.393475576670237e-11]
[8.197624901717333e-11, 4.999346464999271e-11, 6.249967435510495e-11, 5.950308542335486e-11, 5.603448003900416e-11, 5.879687610805132e-11, 5.795475571479616e-11, 6.7575391410102e-11]
[7.466679097987883e-11, 7.251845341709268e-11, 7.818598352282966e-11, 7.376383263049491e-11, 7.373416041966215e-11, 8.36711285196251e-11, 6.750836787514388e-11, 6.61640897095436e-11]
[5.475550967189253e-11, 5.91739563714902e-11, 6.965105769236555e-11, 5.917395636977868e-11, 6.965105768820872e-11, 6.472951657645726e-11, 6.472951658156083e-11, 6.295586241207607e-11]
[7.461160235818414e-11, 6.186029897297612e-11, 6.14736592854578e-11, 7.501459816745183e-11, 7.732283339171846e-11, 6.269534674611544e-11, 5.874469095883136e-11, 7.765461997608348e-11]
[5.669277653694447e-11, 5.43744703155403e-11, 6.127742848640383e-11, 5.885318826749031e-11, 7.089837179908699e-11, 7.663529425169469e-11, 6.862979468377996e-11, 6.608721327092808e-11]
[7.107242529859031e-11, 7.225841408196115e-11, 6.797753029479771e-11, 7.445865192738328e-11, 7.019832510359116e-11, 7.707974295824971e-11, 7.061386418405838e-11, 7.99634552807473e-11]
[6.435540525924943e-11, 6.338700532155388e-11, 6.89990897440629e-11, 7.221474343663218e-11, 7.283670180459025e-11, 7.232599763443479e-11, 7.227472089698964e-11, 7.029241833433695e-11]
[5.823651072438717e-11, 7.998662021126274e-11, 5.439313807045508e-11, 6.022389852036216e-11, 7.341737844965674e-11, 6.114706188838671e-11, 6.217532387394884e-11, 5.3503018027607954e-11]
[6.488336837300307e-11, 6.794149242077528e-11, 6.795023382856845e-11, 7.028431883358882e-11, 7.11247932603593e-11, 5.6612066687021096e-11, 5.4214112462639934e-11, 5.622277573083079e-11]
[6.993222759857983e-11, 7.969004093937419e-11, 7.156013689689246e-11, 7.087587439073851e-11, 7.290426701909818e-11, 7.933762248468608e-11, 6.43545238757582e-11, 6.318317498417864e-11]
