[5.526016504684826e-11, 4.9924873551746855e-11, 7.708512461768922e-11, 5.6454490721167326e-11, 7.2974789742254e-11, 6.935456803423796e-11, 7.374528800330842e-11, 7.019115492010489e-11, 5.566505830094126e-11, 5.369042504032976e-11, 7.353256156387782e-11, 5.1932499975862744e-11]
[5.355325073218633e-11, 5.82948410687445e-11, 5.795966049006729e-11, 6.61986268343608e-11, 6.923183685710446e-11, 6.974161136346075e-11, 7.265835573300191e-11, 7.044481278205263e-11, 6.613376326232414e-11, 6.947228047664064e-11, 8.105793575708838e-11, 7.547252165293326e-11]
[4.871502516760161e-11, 5.083625053418244e-11, 4.781585964735847e-11, 5.09777313979631e-11, 5.174476774569462e-11, 7.600831309519015e-11, 5.373465141594728e-11, 5.047754998412457e-11, 4.9601922813473945e-11, 7.157706527359529e-11, 6.994343415892629e-11, 4.947138892760399e-11]
[4.6225478630790505e-11, 6.474354356913835e-11, 4.655700834554923e-11, 5.494088019926596e-11, 6.579188650788982e-11, 5.1013903464339476e-11, 7.298730645460665e-11, 7.341699648368933e-11, 5.00102539402996e-11, 5.3951702896174486e-11, 5.382316838252548e-11, 6.082462952755544e-11]
[7.850290934876316e-11, 5.26183565301985e-11, 4.8745576649482395e-11, 7.288831690307641e-11, 6.800861664207191e-11, 5.243089039007977e-11, 5.064590718153666e-11, 7.043122058694428e-11, 5.513316834792926e-11, 7.018610877267037e-11, 5.682799796493022e-11, 5.2813952074631786e-11]
[7.184430717508723e-11, 6.990885415046716e-11, 5.6742651973440654e-11, 7.354130485927252e-11, 7.340481890135492e-11, 6.50084084148008e-11, 5.479313625732103e-11, 5.7489255456728075e-11, 6.801043514307413e-11, 6.859448145149382e-11, 5.201564994703339e-11, 5.137076100447137e-11]
[7.330611757397696e-11, 7.599854512192354e-11, 7.25386766491212e-11, 4.628038595435643e-11, 5.6227190252669074e-11, 7.31287509366706e-11, 7.331156774007615e-11, 5.121119638126745e-11, 5.547777688887434e-11, 5.6118028568615606e-11, 5.16128520027597e-11, 4.810664888879143e-11]
[8.115133854320591e-11, 6.465609868060035e-11, 5.690961269730033e-11, 5.850656833963438e-11, 6.568716714601164e-11, 7.380898551730433e-11, 7.209715380855314e-11, 7.344508644378937e-11, 7.262670883629491e-11, 7.367878432066094e-11, 7.426822839477673e-11, 8.1357475751726e-11]
[4.5188716777294393e-11, 4.826145279444419e-11, 5.6963681377171445e-11, 5.633239768987431e-11, 5.4508099594372964e-11, 7.051776359500824e-11, 5.4274830915874866e-11, 4.8810607335331995e-11, 6.210479383801478e-11, 6.529461158334317e-11, 7.582277517316482e-11, 7.105711299616536e-11]
[6.78982633381237e-11, 6.828967988193482e-11, 6.336694202384934e-11, 5.7308592506367344e-11, 6.408982063500493e-11, 5.607570436944479e-11, 5.276083522389045e-11, 7.255195809646635e-11, 4.454516878726625e-11, 5.121548584205656e-11, 5.6358109724019164e-11, 5.2294583862431345e-11]
[5.689187994721614e-11, 5.4715549741625977e-11, 7.575579163977452e-11, 5.948791197196618e-11, 5.758059910101245e-11, 7.620920141815568e-11, 7.387370310644497e-11, 6.900278815424654e-11, 6.902300687025292e-11, 6.260153872928843e-11, 6.243808056586082e-11, 8.114603730544914e-11]
[7.296033411884981e-11, 6.156187811806932e-11, 6.260562823842401e-11, 7.657310421304901e-11, 6.866082193301205e-11, 6.471570862638246e-11, 6.941235387417827e-11, 5.5218624111408683e-11, 6.48476299403681e-11, 7.214801255211853e-11, 7.168578293666608e-11, 6.098557527682452e-11]
[5.33217733431349e-11, 5.0821821922549836e-11, 5.5489896575201596e-11, 5.838101604346838e-11, 7.328208072375104e-11, 7.321114412883114e-11, 6.606039057329789e-11, 7.020751453996301e-11, 7.256010803821014e-11, 7.008790905657549e-11, 6.969859240404826e-11, 6.607705940053004e-11]
[-1, -1, -1, -1, -1, -1, -1, -1, -1, -1, -1, -1]
[7.090266648070051e-11, 7.070797979860838e-11, 7.10748568879263e-11, 7.309953062908865e-11, 7.065374447203084e-11, 7.120188742282833e-11, 6.992584073229714e-11, 7.002165138215505e-11, 6.90900245586535e-11, 6.339207017526461e-11, 6.986189769357978e-11, 6.25596908901455e-11]
[6.584967286109866e-11, 7.164123202248834e-11, 6.937786029728318e-11, 5.5253651065269375e-11, 6.398233061870276e-11, 6.273014124112908e-11, 5.142590042390525e-11, 5.529403716940513e-11, 5.971299359384294e-11, 6.838969394287933e-11, 5.4032260389142834e-11, 6.594869741216384e-11]
[7.190338064518647e-11, 7.253991967075096e-11, 5.5284529618961125e-11, 6.679882950129589e-11, 7.681280063378675e-11, 5.6359268467909406e-11, 5.5254197563891876e-11, 5.477015024850123e-11, 7.469791204367759e-11, 7.68864609222149e-11, 4.105672129241559e-11, 4.7725408732225395e-11]
[5.201756132584744e-11, 5.25467320218178e-11, 5.38875121257101e-11, 6.320037421346003e-11, 6.40983402806975e-11, 5.46392494639666e-11, 5.7538831005017794e-11, 6.113113426963942e-11, 6.740239922009976e-11, 5.40669087865416e-11, 6.168847787522765e-11, 6.609293896087553e-11]
[7.308771924880919e-11, 7.392425753664594e-11, 7.235953299856691e-11, 6.731648030080666e-11, 6.729289072034645e-11, 5.252953694731563e-11, 5.4614356304632564e-11, 6.997236017706998e-11, 5.96928921616537e-11, 5.561165697226869e-11, 6.562384175258801e-11, 5.850719416502305e-11]
[7.893045212566764e-11, 7.22229654991827e-11, 6.681391244590416e-11, 6.370987064755885e-11, 5.4574337261153484e-11, 5.933588709387899e-11, 6.346410497646581e-11, 6.733823557729029e-11, 6.09965795240201e-11, 6.581125996534833e-11, 6.139722702767476e-11, 6.910357642519864e-11]
[7.881954237405458e-11, 7.859160095025018e-11, 6.789556821822597e-11, 6.838112794807541e-11, 5.427693258170927e-11, 5.313848520550563e-11, 5.873084177128465e-11, 4.96110908048142e-11, 4.89011605292584e-11, 4.760597293446782e-11, 5.550282293448079e-11, 5.0985028091127666e-11]
[7.071223548905022e-11, 7.504207283722981e-11, 7.299066934234243e-11, 7.231418786768076e-11, 7.329398705349857e-11, 7.275870925343397e-11, 7.41441932721179e-11, 7.196794560757258e-11, 7.196186932101724e-11, 7.380587082984965e-11, 7.334798888576442e-11, 7.358069048104372e-11]
[7.126620802639322e-11, 4.678289509426214e-11, 5.2101229364602523e-11, 5.5047170735789615e-11, 4.9195890772021335e-11, 5.3315970049386486e-11, 4.7321015386358476e-11, 6.835547195230418e-11, 5.066925625241197e-11, 7.024549789090258e-11, 8.282908680357262e-11, 7.099124839904554e-11]
[4.497488265803855e-11, 7.301770673225919e-11, 5.737976352005006e-11, 4.730078830248399e-11, 7.37637620032551e-11, 5.087191111162827e-11, 6.845562308805462e-11, 5.1745600562923486e-11, 4.926744372173351e-11, 6.335717693212045e-11, 6.414895568627181e-11, 5.4210275353454e-11]
[6.768614609950666e-11, 6.766364572368463e-11, 5.331367347335949e-11, 5.6186965903050576e-11, 6.005014941958117e-11, 6.44276944664134e-11, 4.608101325416214e-11, 5.3472106094920124e-11, 4.469646700788449e-11, 5.7179735642740047e-11, 4.839837538405792e-11, 4.762255492255337e-11]
[6.937877911400346e-11, 6.404531203229845e-11, 6.355852869046562e-11, 5.911583841722454e-11, 6.29780838439395e-11, 5.506984065213667e-11, 6.031744192707259e-11, 7.535799063364084e-11, 6.770198880186354e-11, 7.575516489248401e-11, 7.925364150185596e-11, 8.121865605508166e-11]
[4.411134234403724e-11, 6.650997301800365e-11, 4.7763054522707175e-11, 6.917950902101275e-11, 6.253988233760253e-11, 5.5048326660151304e-11, 5.371389159718543e-11, 5.5046517404385136e-11, 7.029221338165664e-11, 5.5209821063154874e-11, 5.2177475520746544e-11, 7.584238668961637e-11]
[7.507121078429885e-11, 6.725749909859531e-11, 6.72583242373539e-11, 7.534245204950341e-11, 5.610028045844387e-11, 6.499488980327371e-11, 5.060981973383167e-11, 5.46896568373424e-11, 5.1690051754187534e-11, 5.1285334934062855e-11, 5.167310876998008e-11, 5.506402361049464e-11]
[4.452941102233671e-11, 6.889243290306213e-11, 6.351953840462763e-11, 5.345544650999882e-11, 6.780454945290732e-11, 5.951686971107049e-11, 5.637009036612564e-11, 7.086067439523204e-11, 6.159867255216815e-11, 6.88388806755945e-11, 7.039374899755893e-11, 6.923476350917366e-11]
[5.463751136046268e-11, 5.7920626179563984e-11, 5.4610423916688804e-11, 5.2551533753215164e-11, 7.847948153680194e-11, 4.860354679388792e-11, 5.48775909335165e-11, 7.147825534364352e-11, 7.177555282195074e-11, 7.766676892021068e-11, 6.994924902341473e-11, 7.072225649314223e-11]
[5.5952640694332657e-11, 6.800593522910877e-11, 5.669376327637334e-11, 5.443010338537174e-11, 6.830187940564762e-11, 6.814085395465326e-11, 6.207103453940462e-11, 6.56420795373553e-11, 5.4691728978514956e-11, 6.807158411951612e-11, 7.006434918316155e-11, 5.7054590229071437e-11]
[7.16835033228632e-11, 7.149800744569594e-11, 7.125635956578065e-11, 7.000920326058822e-11, 7.16539187051114e-11, 7.242696469749001e-11, 7.337593061752645e-11, 7.078893145411876e-11, 7.146942623186528e-11, 6.371215667969116e-11, 7.321830376020414e-11, 7.461633175093447e-11]
[8.270617138813187e-11, 7.192830697163536e-11, 7.173513353822351e-11, 6.956260277393507e-11, 7.441617716010614e-11, 6.021506450082123e-11, 5.639985614277389e-11, 5.547791585168106e-11, 5.759220709705547e-11, 4.966514222142382e-11, 4.816717660574902e-11, 5.62259273605853e-11]
[7.76057328704933e-11, 8.112546106135434e-11, 7.162046643118393e-11, 7.2182695663351e-11, 7.300552283622107e-11, 7.248268780705248e-11, 7.34056862575918e-11, 7.273229053123219e-11, 7.163793276023997e-11, 7.216776590500514e-11, 7.4084905792657e-11, 7.510325413785454e-11]
[7.548803467301718e-11, 5.385746135157921e-11, 4.6648393583682426e-11, 7.716694670191255e-11, 5.5018187050199984e-11, 5.533409607196966e-11, 6.363780683396136e-11, 6.325490788751432e-11, 6.206438270261887e-11, 5.935127282896968e-11, 5.877231658543374e-11, 5.858338530257724e-11]
[-1, -1, -1, -1, -1, -1, -1, -1, -1, -1, -1, -1]
[7.397756830096269e-11, 7.569623210288987e-11, 7.395664528704622e-11, 7.537189203208466e-11, 7.524004779558066e-11, 7.478919159442619e-11, 7.246526166592812e-11, 7.541275254325858e-11, 7.233557523834907e-11, 7.342603780505997e-11, 7.243387964641361e-11, 7.30724529761422e-11]
[5.029274902299127e-11, 4.683613635886001e-11, 7.611059630762922e-11, 5.633110055044643e-11, 6.166858253578021e-11, 5.196802108862334e-11, 5.2137240151842466e-11, 6.242982149038774e-11, 6.79140495434941e-11, 5.82348956364521e-11, 5.671667210425189e-11, 6.091197009039042e-11]
[6.152827550198654e-11, 6.128961763663888e-11, 5.7465245872036586e-11, 6.830781614711048e-11, 6.779084007913363e-11, 5.160476915380187e-11, 6.149161250795764e-11, 5.335066197989314e-11, 7.247537148686305e-11, 5.463377697775497e-11, 7.248684123539754e-11, 7.621338801612303e-11]
[5.6741489689295165e-11, 5.91560983741319e-11, 5.917515658978076e-11, 5.6364049846992245e-11, 5.152421427411546e-11, 5.623175874033335e-11, 6.409272670763552e-11, 6.179719828248111e-11, 5.4530948880665926e-11, 6.744732258557196e-11, 7.26549996678554e-11, 7.601480321826442e-11]
[7.349076604146406e-11, 7.689942996278992e-11, 7.389554290775578e-11, 5.95401411556461e-11, 7.291602161153237e-11, 5.4723283167903183e-11, 6.898438668170583e-11, 7.107561870860218e-11, 5.446374842015722e-11, 6.304347218419155e-11, 5.1749992696729394e-11, 4.837176207802992e-11]
[6.849055303230275e-11, 6.370655304388755e-11, 6.231404983985728e-11, 6.762982318074615e-11, 6.880017714448885e-11, 7.176759774204732e-11, 6.760450465528958e-11, 7.050155239940813e-11, 7.164831434639066e-11, 7.593344434870939e-11, 7.390437153290613e-11, 7.481916861323407e-11]
[5.268671995317375e-11, 5.271176105254313e-11, 5.0241723928133514e-11, 5.855889519155509e-11, 7.213219447975261e-11, 5.847357238277754e-11, 5.027511824273987e-11, 5.638175472668693e-11, 5.823369812549702e-11, 7.25017600392834e-11, 7.567339378759823e-11, 7.551997767252839e-11]
[7.470488451702865e-11, 7.058504138683083e-11, 7.429702067823429e-11, 7.408603822680246e-11, 6.861787094638711e-11, 7.195955462559129e-11, 6.953350133055648e-11, 6.932605131628711e-11, 7.122978402155931e-11, 6.29039107149618e-11, 5.591149518257515e-11, 5.405063360166964e-11]
[5.6098936186081974e-11, 5.7667337904467406e-11, 6.147862367378837e-11, 5.5850695907218454e-11, 6.312412271744292e-11, 6.758710916956541e-11, 7.876530365342982e-11, 5.723013605605894e-11, 6.183885198553301e-11, 5.074934672378268e-11, 5.4075383565445344e-11, 7.724020381602835e-11]
[7.27540988657479e-11, 7.531007731455101e-11, 6.932373525021307e-11, 6.932481530130508e-11, 7.331730027382933e-11, 6.936037411929116e-11, 7.590040876161967e-11, 5.985238758332076e-11, 5.403267283533908e-11, 5.349837241135871e-11, 6.056554491011091e-11, 7.767374506754321e-11]
[7.588038576219024e-11, 7.263650185324701e-11, 4.846723545298665e-11, 4.860233998764297e-11, 7.477652067182471e-11, 6.863081817111169e-11, 5.682999246390696e-11, 5.3377657255031104e-11, 5.363239885743485e-11, 7.415882716596741e-11, 6.128668716373436e-11, 5.4920748644727454e-11]
[7.387972522066812e-11, 7.22945907248212e-11, 6.553932220381055e-11, 7.43799602834151e-11, 5.970812941640677e-11, 6.174260197673371e-11, 6.912185367359841e-11, 6.727679429789696e-11, 5.7300494610875854e-11, 5.104878901045835e-11, 4.9924863804256513e-11, 4.833730726994927e-11]
[8.109183258750546e-11, 6.899306080427908e-11, 5.876511673224373e-11, 5.847162563117464e-11, 5.811907675739542e-11, 5.622580898772534e-11, 5.493617391902492e-11, 5.200280040514102e-11, 5.733214214231595e-11, 4.786130273125201e-11, 7.90001661452306e-11, 4.9770197605027556e-11]
[6.301977041964851e-11, 5.982036087264048e-11, 6.642727355679097e-11, 6.832475614828844e-11, 6.967410423356313e-11, 7.20103289738393e-11, 7.115448649152013e-11, 7.078632806158594e-11, 6.936098599047418e-11, 6.668397061331653e-11, 7.112945391351944e-11, 6.593306111238742e-11]
[5.6449904022107907e-11, 5.830344562050411e-11, 5.0534594294792166e-11, 5.01838549353063e-11, 6.222068815908698e-11, 5.986063488806972e-11, 7.003907159762251e-11, 7.388769579575197e-11, 6.791261581797663e-11, 7.87062062429711e-11, 6.270760606947136e-11, 6.109554440761386e-11]
[7.362687957917772e-11, 7.182746294638701e-11, 6.966321742099625e-11, 6.856914379901049e-11, 7.318725435265974e-11, 7.123726969493594e-11, 6.336356572805978e-11, 7.3033132412613e-11, 6.64067597454426e-11, 6.264993926043591e-11, 8.002915475060249e-11, 7.313708331809001e-11]
[7.298881127869057e-11, 7.887519197394238e-11, 7.150841661015847e-11, 7.41845503535469e-11, 7.271452682387298e-11, 7.281849436667968e-11, 7.163976451836092e-11, 7.4801747356963e-11, 7.309922650101988e-11, 6.817154760928761e-11, 7.178268811813471e-11, 7.337905939336665e-11]
[5.292678995039084e-11, 5.80085378886864e-11, 4.8410371959980594e-11, 5.0124457454742314e-11, 5.150621213255223e-11, 5.954815681655641e-11, 5.4554677654528115e-11, 6.58050281970226e-11, 7.233104650457531e-11, 6.920843484810104e-11, 7.581715281420281e-11, 7.621905071980502e-11]
[7.209257967990657e-11, 7.882243578318544e-11, 7.217185086455907e-11, 7.289118593818384e-11, 7.269171017001471e-11, 7.16375098551836e-11, 5.8105828417001996e-11, 6.195543105524802e-11, 7.031097857073563e-11, 5.429079315281089e-11, 5.858922944177363e-11, 6.965468531836992e-11]
[7.694195084916025e-11, 6.577045701390614e-11, 7.450613536740054e-11, 6.17640016027903e-11, 7.619213582602952e-11, 7.581815106639866e-11, 6.973208149457924e-11, 6.311265307796839e-11, 7.24781645893118e-11, 6.901455795095811e-11, 7.068361497271334e-11, 7.111643411031052e-11]
[7.606898323224369e-11, 7.37097278114946e-11, 6.67721294162554e-11, 7.1308572160777e-11, 6.251050349584878e-11, 6.25837245154406e-11, 6.421924612583316e-11, 6.474299687005473e-11, 6.397393601213259e-11, 6.805369027177757e-11, 7.084357206636904e-11, 6.809107148865555e-11]
[4.843580674881184e-11, 5.965212714927828e-11, 5.393092911648225e-11, 5.428551443754619e-11, 5.046349020584354e-11, 5.97052416256381e-11, 7.028042703457759e-11, 6.969319428930974e-11, 7.380900589215149e-11, 7.310899963420737e-11, 7.323684769893593e-11, 7.757406433357268e-11]
[-1, -1, -1, -1, -1, -1, -1, -1, -1, -1, -1, -1]
[5.1475371561978446e-11, 5.326118693351547e-11, 4.8638008247500065e-11, 5.4758837340341764e-11, 4.708590381920378e-11, 6.336551909113045e-11, 5.869633907346044e-11, 6.106893739335774e-11, 6.001066591836897e-11, 5.1365854050425735e-11, 6.819219830605048e-11, 6.456252762540593e-11]
[7.682838346585687e-11, 7.925119867167092e-11, 7.609806761283832e-11, 7.013153129154242e-11, 6.185227454911809e-11, 5.985402977144665e-11, 5.751458355749637e-11, 6.060862407259557e-11, 6.166179443035595e-11, 6.008353840891401e-11, 5.307980802356171e-11, 5.8051940216597416e-11]
[8.052647072443599e-11, 6.028279344461368e-11, 5.063894348816226e-11, 5.0822383338438794e-11, 5.909548658759723e-11, 7.60344660675056e-11, 6.774184316723462e-11, 6.832551738684823e-11, 6.160430618097775e-11, 6.947259328570341e-11, 6.651333241572302e-11, 5.7900234520950124e-11]
[7.684526955665621e-11, 7.418038219457016e-11, 6.125146032570379e-11, 6.380091633492021e-11, 5.52028602987537e-11, 4.7718458390157655e-11, 5.5043928986329824e-11, 5.4696183133268364e-11, 4.957021292790045e-11, 4.861948300357825e-11, 5.375938400175287e-11, 5.064769306362396e-11]
[5.733071373532389e-11, 5.6417793674463526e-11, 6.835400774441016e-11, 7.467453218644415e-11, 6.268280774507041e-11, 7.443137616552654e-11, 7.556255853590576e-11, 7.011559407538193e-11, 7.125001248561576e-11, 6.69567211410527e-11, 6.857235477470128e-11, 7.36491064067392e-11]
[5.82902978457232e-11, 5.020567698500602e-11, 5.1238251621683946e-11, 5.986193884845361e-11, 6.663691752041934e-11, 7.610175821243841e-11, 7.290205145075254e-11, 5.908960717124588e-11, 5.855775293701315e-11, 6.016942213083162e-11, 5.2917585917583e-11, 5.309778152847086e-11]
[7.355526850071041e-11, 7.01267763877177e-11, 7.636100132243969e-11, 7.431537823875563e-11, 7.139490947725916e-11, 7.281051752458975e-11, 7.193335249572183e-11, 6.89904876680554e-11, 7.152008897558823e-11, 7.343823592257227e-11, 6.847516091674782e-11, 7.272382187202088e-11]
[7.53870782011812e-11, 7.514460382228452e-11, 7.563818682509646e-11, 7.420282580799843e-11, 7.592274325324752e-11, 7.523562111544629e-11, 7.469274095571407e-11, 7.52459487078595e-11, 7.199315557657443e-11, 7.398925621629898e-11, 7.457066670643652e-11, 7.64402334629509e-11]
[7.422619093636072e-11, 7.511830899782822e-11, 7.528943125173566e-11, 5.1405216036326164e-11, 6.082753358087687e-11, 6.988550843840622e-11, 7.563082349636025e-11, 5.418959551039137e-11, 7.556835422509155e-11, 5.0778945567644045e-11, 4.8380290028433886e-11, 5.4546445228851205e-11]
[6.094355548640079e-11, 5.282540719198929e-11, 5.39028000958825e-11, 7.66648751935064e-11, 6.90961499540248e-11, 6.198763637709843e-11, 5.3155319849275634e-11, 6.921811549021192e-11, 4.808594524287091e-11, 7.888546272091953e-11, 6.949618980395387e-11, 4.95552983659518e-11]
[7.818903144245309e-11, 6.961022075212508e-11, 6.23569408480388e-11, 5.599185195550081e-11, 5.450590090418394e-11, 5.3138143764412413e-11, 5.7251274201570914e-11, 5.114749495983785e-11, 4.9419557509176434e-11, 5.025377295434983e-11, 4.691319780152767e-11, 4.676121231481833e-11]
[6.070202903687646e-11, 5.3954430481564645e-11, 7.465428787096113e-11, 6.322138789731251e-11, 5.888488903537197e-11, 5.334577308528779e-11, 7.210644477793562e-11, 5.117962823112918e-11, 7.52719600147091e-11, 5.3655304055184536e-11, 7.688998071004374e-11, 7.148461265500175e-11]
[7.312574153588857e-11, 5.722505021743987e-11, 4.789567035720391e-11, 7.316990491678431e-11, 5.336713464123225e-11, 7.475040293543671e-11, 7.398408428107475e-11, 6.248192329426842e-11, 7.374054589568835e-11, 6.498843542225937e-11, 5.739353567321525e-11, 5.5784238383743785e-11]
[7.633063994949095e-11, 7.347088382576707e-11, 7.602799929522952e-11, 7.385884249430569e-11, 7.076814672134884e-11, 6.94443478502501e-11, 7.02944603789201e-11, 7.315841829661528e-11, 6.27997505098407e-11, 6.08558856557586e-11, 6.870667386680976e-11, 6.863748563835249e-11]
[4.9629105764868484e-11, 5.526689268767624e-11, 5.450271999035857e-11, 5.7252814789056135e-11, 5.203239191875663e-11, 6.957944121418114e-11, 7.39090761633815e-11, 7.50635909404472e-11, 7.21870323255672e-11, 7.307696424840755e-11, 7.568434308429399e-11, 7.320649582497089e-11]
[5.285718496307023e-11, 5.1571621560133735e-11, 5.586607103745946e-11, 4.9975234961842753e-11, 6.985087741675336e-11, 4.8034006175941336e-11, 7.211671618104176e-11, 7.346883684818319e-11, 5.617392487485372e-11, 7.287746469310724e-11, 7.3322265982417e-11, 7.448885385270607e-11]
[6.919690857279466e-11, 7.175283827453076e-11, 6.589970599038131e-11, 5.998134184845056e-11, 5.89823079348775e-11, 7.413034999499067e-11, 7.409253379218678e-11, 5.6889819348081423e-11, 5.873596344617537e-11, 5.2122016134439316e-11, 4.8839068116456394e-11, 7.564717926478528e-11]
[6.786349355707385e-11, 6.357111698515764e-11, 6.296333154232378e-11, 6.89780338757518e-11, 7.052749299394878e-11, 6.677811348325558e-11, 7.270171712123462e-11, 7.223099759018458e-11, 6.498151203954427e-11, 5.597019318167723e-11, 5.067290220305762e-11, 5.601693966981125e-11]
[7.202622460448888e-11, 7.317871897432694e-11, 7.261341556328894e-11, 6.809637783154598e-11, 6.622599469490707e-11, 6.98199859369919e-11, 7.529641652146067e-11, 7.415680944214284e-11, 6.755301387360202e-11, 5.668802381205386e-11, 7.629287113376918e-11, 5.396382401514152e-11]
[6.99802658285804e-11, 6.341284152322311e-11, 6.265532931804263e-11, 7.445027591965652e-11, 7.435634829199337e-11, 7.110142008264735e-11, 7.448710659322982e-11, 7.418298500180667e-11, 7.396027449308804e-11, 7.543112800831965e-11, 7.596122539420354e-11, 7.633411566620858e-11]
[7.470843354092538e-11, 6.21883293673429e-11, 7.110679635527635e-11, 7.372067769728871e-11, 6.66182505627467e-11, 7.23459212163168e-11, 7.497319074354797e-11, 7.453748875428679e-11, 6.757727114995856e-11, 7.390995658803716e-11, 6.218630681892558e-11, 7.242955392764633e-11]
[7.065644883358401e-11, 7.391343135900299e-11, 7.828255944186714e-11, 7.11933113792444e-11, 7.159177780440244e-11, 7.498759897000256e-11, 7.218609787534731e-11, 7.341622771173605e-11, 7.303719233176118e-11, 7.29180033455011e-11, 8.278826924811772e-11, 7.428224192172484e-11]
[4.459979893889472e-11, 5.235460584129384e-11, 5.7313421618420845e-11, 5.96649148248304e-11, 4.9995342911585574e-11, 6.718602725328605e-11, 5.396933784539425e-11, 6.69396094027919e-11, 7.197829674856087e-11, 7.230046987060465e-11, 7.628490389896547e-11, 7.274110808064462e-11]
[7.338985344537009e-11, 4.886662998440522e-11, 4.1377026196993366e-11, 6.824019056838605e-11, 6.468161921317587e-11, 5.1819819483370074e-11, 6.381391641166203e-11, 5.467956167357733e-11, 4.731264836016363e-11, 5.099127910169798e-11, 8.135408918686697e-11, 7.516054373120085e-11]
[7.361038370951603e-11, 7.376281630792434e-11, 6.823298794204771e-11, 5.657361108435174e-11, 5.1859646376280775e-11, 5.0990471249139185e-11, 7.068033909040203e-11, 7.408341347670812e-11, 5.100889730026694e-11, 7.279724686352765e-11, 4.801398483831266e-11, 4.3172132637121457e-11]
[7.893400470646034e-11, 7.410401825621956e-11, 6.866293896421926e-11, 7.358839186302324e-11, 7.104334370257722e-11, 7.173669814648496e-11, 6.749271029032561e-11, 7.025392576381471e-11, 7.151183990982986e-11, 7.286206003327207e-11, 7.354449588699014e-11, 6.857520097795889e-11]
[-1, -1, -1, -1, -1, -1, -1, -1, -1, -1, -1, -1]
[8.266160587202866e-11, 7.205409676367282e-11, 7.403285362077813e-11, 7.274475318537445e-11, 7.286004830257999e-11, 7.285057487060367e-11, 7.049729445464428e-11, 7.319666607464038e-11, 7.551132951171199e-11, 6.388342274186106e-11, 7.091602661610104e-11, 7.375032109108594e-11]
[7.531336423327043e-11, 7.668218494545443e-11, 7.610506424797081e-11, 7.09914177874306e-11, 7.598407155091788e-11, 7.125119900006144e-11, 7.227265170101597e-11, 7.352610317653599e-11, 7.318794409230061e-11, 7.217947882031147e-11, 7.302834977953689e-11, 7.209759454973726e-11]
[6.378397726092851e-11, 6.198996624748795e-11, 7.403769086321752e-11, 7.365774465672651e-11, 6.509734443342144e-11, 6.374251048739015e-11, 7.172823867364523e-11, 6.926190825735118e-11, 7.429788364049651e-11, 7.75910702545816e-11, 7.309362494836188e-11, 7.039378217600781e-11]
[4.892252600290221e-11, 5.272228930452697e-11, 7.414963640493569e-11, 6.654822177280087e-11, 6.42306856127712e-11, 7.394728534013292e-11, 6.650612710931689e-11, 5.598864089266683e-11, 5.88140120237902e-11, 5.614064806395069e-11, 7.259605682276981e-11, 7.914149133911673e-11]
[6.743502165549364e-11, 6.249837486097501e-11, 6.28991098510606e-11, 7.168580374030027e-11, 6.499487370311084e-11, 7.274396265667369e-11, 6.490835717173413e-11, 7.354482118027508e-11, 6.509521484722804e-11, 7.510062130627675e-11, 6.230786271861368e-11, 6.357004069456716e-11]
[7.592897525051142e-11, 7.584612409589153e-11, 7.02049188915589e-11, 7.093502918953409e-11, 7.088447559182458e-11, 7.019688770310764e-11, 6.960350089804237e-11, 4.5290690750894214e-11, 4.941366332712108e-11, 5.4832789374844534e-11, 4.941275382384072e-11, 4.5334109490258104e-11]
[5.594105171832371e-11, 5.387898896905658e-11, 4.841201802448349e-11, 4.2314936930668294e-11, 6.639176121191702e-11, 5.057091108034913e-11, 7.10801124310382e-11, 7.139736407703124e-11, 6.752065536620405e-11, 6.340357266398587e-11, 5.544529546431089e-11, 5.622719782376676e-11]
[7.545050913322878e-11, 7.560603268914241e-11, 7.450425631309457e-11, 7.299980244980375e-11, 7.548207611457242e-11, 7.452442566814068e-11, 7.522125345575626e-11, 7.307407826508346e-11, 7.51580240513169e-11, 7.448790369063472e-11, 7.976926360168744e-11, 7.860760076709524e-11]
[6.744713563030103e-11, 6.43797426399466e-11, 6.537460427325551e-11, 6.169306151470438e-11, 5.850909302074453e-11, 7.02085728302398e-11, 5.83852949119841e-11, 5.483123835902476e-11, 5.684007600365733e-11, 6.415847177321871e-11, 5.0210434079280646e-11, 4.79583176808607e-11]
[7.484930960627543e-11, 7.09528099292841e-11, 6.910878580589221e-11, 7.474611152421226e-11, 6.725773926555573e-11, 5.603235091388613e-11, 5.288867868613888e-11, 7.432756639143269e-11, 5.354427327560446e-11, 5.720763294407508e-11, 4.853048947475707e-11, 4.915300876938527e-11]
[6.701378500377819e-11, 6.706546730472211e-11, 7.073357094836865e-11, 7.29282358391953e-11, 7.083488864839232e-11, 6.797919741773865e-11, 6.617599495884508e-11, 6.384601638555805e-11, 7.353188503249623e-11, 7.414250561912323e-11, 8.021526530120706e-11, 7.950302021674201e-11]
[5.901572373941392e-11, 5.796514914771628e-11, 5.848226577266602e-11, 6.901301232321721e-11, 7.022793877936064e-11, 7.107239981997622e-11, 7.276588616236735e-11, 7.133382657714132e-11, 7.196351710828585e-11, 7.290606533960396e-11, 7.068234932408483e-11, 7.182827205935818e-11]
[7.238025001805867e-11, 6.167850140499392e-11, 6.44146599401049e-11, 7.475193543452369e-11, 6.131802973271827e-11, 5.6221490908556465e-11, 6.339631941831489e-11, 6.359514314476117e-11, 7.100064229917719e-11, 7.12701081379489e-11, 7.099909120015111e-11, 7.195719659668805e-11]
[7.653353481847948e-11, 7.626415791311649e-11, 7.313240011344884e-11, 7.38724955463023e-11, 5.3906983015604925e-11, 5.76078655790751e-11, 5.1946088467588304e-11, 5.353106539378693e-11, 4.764833620162734e-11, 4.7039330581697816e-11, 5.0589854837229606e-11, 5.410958046529464e-11]
[7.37376891087689e-11, 6.316325737702544e-11, 5.542058681935922e-11, 7.579156553288119e-11, 7.307176305995908e-11, 6.31632573853859e-11, 7.508051766489497e-11, 7.435463479196117e-11, 7.307176306039734e-11, 7.373768910839525e-11, 7.508051767109177e-11, 7.579156553517737e-11]
[7.254258659138794e-11, 7.706639609803698e-11, 6.56566146431729e-11, 7.55585667367296e-11, 5.943176264209236e-11, 6.838563624461378e-11, 7.46420953092593e-11, 5.84677197680778e-11, 6.864783503516346e-11, 7.699020036283671e-11, 5.522267947644288e-11, 7.281110845077271e-11]
[4.908795919461034e-11, 5.483778349077225e-11, 5.0840750449069216e-11, 7.284715288724134e-11, 5.194728626872377e-11, 7.345188730263133e-11, 5.12631056613361e-11, 5.1554919150519983e-11, 5.835697787692774e-11, 7.28795450326966e-11, 5.230585685421567e-11, 5.332289874982768e-11]
[4.94761234941236e-11, 7.893217591542635e-11, 5.125805589829878e-11, 6.755551409694232e-11, 5.200554583105765e-11, 5.848171953894886e-11, 5.779375216688744e-11, 5.077014860047117e-11, 4.618081232482149e-11, 5.87438974862748e-11, 5.635232957037754e-11, 4.480050831205627e-11]
[5.936625043040604e-11, 5.2836023361219544e-11, 5.1515734446753567e-11, 5.24122462614762e-11, 6.224047795229836e-11, 7.384140032674886e-11, 5.984576252262256e-11, 7.403330745592777e-11, 5.3124501324593815e-11, 8.274260573495871e-11, 5.576385827646837e-11, 4.9903222927908485e-11]
[7.347307750317833e-11, 7.580810533504971e-11, 7.276199754092901e-11, 7.544261390504831e-11, 7.660547338366361e-11, 7.26006947088008e-11, 5.917935979812679e-11, 5.577338426392971e-11, 6.276601285053533e-11, 5.850533102644421e-11, 5.3932116062685416e-11, 5.5287614057190753e-11]
[6.71234198758957e-11, 6.737027100535949e-11, 6.847978730119284e-11, 6.770338351916274e-11, 6.906490998542722e-11, 6.24897870434803e-11, 5.4458171155825715e-11, 5.106999200324389e-11, 6.92563247114808e-11, 5.6044077840921894e-11, 5.0582208097369876e-11, 7.248725413113483e-11]
[5.98941389230925e-11, 6.358034157020303e-11, 7.034136306492015e-11, 6.854613104667831e-11, 7.418398183069219e-11, 6.692235457987284e-11, 7.00244699382405e-11, 6.822577922669024e-11, 5.958479223636719e-11, 6.329484218131573e-11, 7.127919972775886e-11, 5.894630499906591e-11]
[5.670734807549072e-11, 5.402105593550127e-11, 4.836388105505867e-11, 6.011362574474668e-11, 5.502386239210449e-11, 4.584410085261512e-11, 7.845919265377444e-11, 4.7788663129061993e-11, 7.117177138415053e-11, 5.3726751949810717e-11, 7.058776593223805e-11, 6.622572583190005e-11]
[7.466890702502707e-11, 7.527982591830744e-11, 6.340861468181081e-11, 7.368100673004607e-11, 6.665395031584716e-11, 7.30029733788244e-11, 6.80302702405151e-11, 6.946165459242586e-11, 7.248023104138629e-11, 7.074582935343571e-11, 6.744938432847028e-11, 7.561976514927447e-11]
[5.722470190281136e-11, 5.336081294557077e-11, 5.25411614131996e-11, 5.843489817445302e-11, 5.6524492489202586e-11, 5.393334885163832e-11, 6.362679701420738e-11, 4.804786417026272e-11, 5.5238968161490006e-11, 5.7547895142038864e-11, 7.639187729179097e-11, 4.874311328611489e-11]
[7.112091633850783e-11, 6.295342775133396e-11, 5.191501721724233e-11, 5.483420975847484e-11, 5.96370708180615e-11, 6.007288506799286e-11, 5.6956847389104214e-11, 5.6002422686294496e-11, 5.2356031373950264e-11, 6.041104689719062e-11, 7.689059045385892e-11, 6.805809868761926e-11]
[6.600151267473999e-11, 6.983834460079368e-11, 8.067373286207074e-11, 7.057154071057255e-11, 7.171541288647217e-11, 6.835003517240302e-11, 6.848118351567902e-11, 7.186762792069052e-11, 6.273911059902601e-11, 6.394319849035497e-11, 6.263299359730398e-11, 6.571087395819973e-11]
[6.300434107886197e-11, 6.291953250345097e-11, 7.976688541503136e-11, 6.826896925974872e-11, 6.851306155986102e-11, 7.036770015424609e-11, 7.144442591232029e-11, 7.449607625443821e-11, 6.235364972168522e-11, 8.031291841650835e-11, 6.35749906402084e-11, 5.847706426005085e-11]
[4.8727891063699615e-11, 4.954133607918436e-11, 7.575863279534722e-11, 6.080500536108643e-11, 5.444363557322623e-11, 5.406047774596946e-11, 6.549243060786191e-11, 6.044438505485371e-11, 6.921325688346692e-11, 6.681266410219614e-11, 6.873330410085138e-11, 8.241613594569569e-11]
[6.413225141565013e-11, 6.334019266508818e-11, 5.6635989444749924e-11, 4.9824348508472994e-11, 6.633612627533786e-11, 6.470422519777911e-11, 5.195006091328651e-11, 7.295133439624084e-11, 7.146395026751134e-11, 7.273757508529445e-11, 7.729703056408191e-11, 7.760760070803591e-11]
[5.1954943709459967e-11, 5.3361744730542784e-11, 6.836100826404715e-11, 6.506437982980053e-11, 4.89337161343762e-11, 5.904379862360238e-11, 5.395432070583139e-11, 7.068618186935364e-11, 7.401810116175321e-11, 7.90023188334375e-11, 7.324162037592178e-11, 7.41494337204476e-11]
[5.5887104192638496e-11, 4.864582575521285e-11, 4.907754117292522e-11, 5.792587739874174e-11, 6.553368311378243e-11, 6.550449995724628e-11, 5.595925776608821e-11, 6.918845235859038e-11, 6.005536803282258e-11, 5.772109726450161e-11, 4.957854464332044e-11, 5.0566432202067365e-11]
[4.3868641866456056e-11, 5.265306262685359e-11, 5.534492382584985e-11, 4.161780317747104e-11, 5.1018308991233096e-11, 5.609650410608756e-11, 5.5407425574730394e-11, 5.110367029206074e-11, 6.742987743610401e-11, 5.621855707898253e-11, 5.7336698882868285e-11, 6.687504608709616e-11]
[7.522995311272626e-11, 7.309931814817279e-11, 7.639900088833942e-11, 7.433871139072038e-11, 7.379771308822191e-11, 7.594925687584519e-11, 7.399170975218323e-11, 7.224954963864393e-11, 7.157135902885362e-11, 7.461677315009634e-11, 7.418849397550031e-11, 7.59959550328578e-11]
[7.170631576785852e-11, 7.164881480355772e-11, 7.094869400964703e-11, 7.51530838544783e-11, 7.235970906296449e-11, 7.400794943238363e-11, 7.322207604802059e-11, 7.50372167131065e-11, 7.402546796972666e-11, 7.995276961693712e-11, 7.539819485934386e-11, 7.630225361476067e-11]
[8.09390711044325e-11, 7.188663600634103e-11, 7.536913320935408e-11, 7.312832448238031e-11, 7.155189867738406e-11, 7.175395055724877e-11, 7.17483625606673e-11, 7.24346294981785e-11, 7.202790766403288e-11, 7.529062500201851e-11, 7.015754776772382e-11, 7.775037282508724e-11]
[5.234283537166442e-11, 4.408408573367514e-11, 4.5639577902145877e-11, 5.964395124361277e-11, 4.980596077566676e-11, 5.199673699182133e-11, 4.8218796713581856e-11, 5.292859543577802e-11, 7.204041167029755e-11, 6.382904280961069e-11, 7.042650714360096e-11, 7.217867586957019e-11]
[7.615566834663118e-11, 7.407105619371251e-11, 7.46211788841711e-11, 7.254177040108763e-11, 6.931369904750522e-11, 6.568424151060472e-11, 6.748261248648825e-11, 6.361893837390392e-11, 6.130476635260764e-11, 6.903742887963631e-11, 7.216685382269585e-11, 7.088310874877762e-11]
[6.305986661273306e-11, 7.295773511798949e-11, 6.392862428117087e-11, 6.974236370006014e-11, 6.229260997959641e-11, 5.7096440388323766e-11, 5.984654201362304e-11, 5.397528609175953e-11, 7.198503748807353e-11, 7.43495206071882e-11, 6.000602831245586e-11, 7.359987143073037e-11]
[5.089564697591236e-11, 5.1574385038666184e-11, 6.757475183732723e-11, 5.678975804369374e-11, 4.985431995737228e-11, 4.987795021610845e-11, 5.193747157062943e-11, 5.192878587017956e-11, 6.424908699778973e-11, 4.307911979254641e-11, 4.608300084637233e-11, 4.6338585938316246e-11]
[6.322503978156075e-11, 7.076676310036866e-11, 7.345820069296176e-11, 7.083155448213664e-11, 7.315415125564271e-11, 6.676622234895194e-11, 6.730844142545117e-11, 6.597689320099205e-11, 6.997927031416425e-11, 7.472784233514212e-11, 8.13383443417917e-11, 7.767840256243743e-11]
[6.253518530265221e-11, 5.968654591979635e-11, 6.189417539416979e-11, 6.786645250788246e-11, 6.977912252596336e-11, 7.001669058855224e-11, 7.134663758024014e-11, 7.221612568937691e-11, 6.992908057613365e-11, 7.352175514920744e-11, 7.105244599808859e-11, 7.153270367957211e-11]
[6.746099946148355e-11, 6.944273919489602e-11, 6.903738980090252e-11, 6.32888830740624e-11, 6.29474043966361e-11, 6.872997703347571e-11, 7.205519857282115e-11, 6.782733622120653e-11, 6.513091067082266e-11, 7.322035873505675e-11, 6.70794192070686e-11, 7.546703787106857e-11]
[4.854664982142884e-11, 7.24071600048085e-11, 4.929997371331108e-11, 7.415620780213227e-11, 5.645796063960258e-11, 7.433801893032435e-11, 7.53663093923334e-11, 5.361762213767759e-11, 7.330248817899959e-11, 4.363940354865939e-11, 5.004211379706743e-11, 7.270513826073597e-11]
[4.576601028179567e-11, 4.604395571791551e-11, 5.410386701951403e-11, 8.096551273653773e-11, 5.795858228737582e-11, 5.6666625492703986e-11, 5.573443218777401e-11, 5.970899007990021e-11, 7.55255847398997e-11, 6.106556643695338e-11, 6.439135545786954e-11, 7.314496112519612e-11]
[-1, -1, -1, -1, -1, -1, -1, -1, -1, -1, -1, -1]
[5.164521181671121e-11, 5.5324231700384154e-11, 6.140152884449652e-11, 5.754260649149848e-11, 6.895279215128525e-11, 6.940760794825774e-11, 6.726880519598065e-11, 7.849296752417504e-11, 6.125642543405976e-11, 5.853043285468056e-11, 7.311392189866368e-11, 5.857757540446017e-11]
[7.377612739840206e-11, 5.43841158432781e-11, 4.7085341782159965e-11, 4.736468498408762e-11, 5.386400275397478e-11, 7.334634016260215e-11, 4.9572045672912185e-11, 6.803285793717951e-11, 5.983400085336451e-11, 5.094055086521327e-11, 7.349491183466959e-11, 7.11310616135864e-11]
[7.509339859049644e-11, 8.084283261492462e-11, 6.856769429129215e-11, 6.703811332547267e-11, 5.517687332928359e-11, 5.568065763738638e-11, 5.678649972259118e-11, 5.762228265438726e-11, 6.591228975017293e-11, 5.107436610977726e-11, 5.450123516008905e-11, 4.5016084932116355e-11]
[7.381037036852911e-11, 5.844443259855146e-11, 5.239668271763392e-11, 5.441766524994317e-11, 7.317688300130413e-11, 6.121485111221719e-11, 7.248525861865691e-11, 7.290849847092817e-11, 7.055710487126897e-11, 7.220496000094677e-11, 7.09123745499915e-11, 7.486505143542718e-11]
[5.290576015544587e-11, 4.8074457752545595e-11, 7.465784166065213e-11, 7.504897275768151e-11, 5.171750259410809e-11, 7.384241224836675e-11, 5.268648898966003e-11, 6.716780777708138e-11, 5.29477047875072e-11, 6.258723962216461e-11, 5.668880629351261e-11, 5.682754729909496e-11]
[7.575566961645005e-11, 7.210452433037515e-11, 7.158309468319837e-11, 7.30008382667654e-11, 7.186813103018601e-11, 7.304967206156163e-11, 7.206027143894584e-11, 5.193932012707297e-11, 5.13747661893393e-11, 5.575353609526616e-11, 5.478949829047705e-11, 5.743505455848577e-11]
[6.657896081072182e-11, 5.6072930090841716e-11, 5.722878433609884e-11, 5.689590842040046e-11, 5.38721597388505e-11, 5.5411133113249634e-11, 6.223480348435734e-11, 5.178947125127568e-11, 5.2744207704875066e-11, 5.1867854577750354e-11, 4.139537151964587e-11, 4.196640293904229e-11]
[-1, -1, -1, -1, -1, -1, -1, -1, -1, -1, -1, -1]
[7.75006459379331e-11, 5.4084100838774335e-11, 5.276196321760978e-11, 5.4650843831870696e-11, 5.851256211437582e-11, 5.6121395552724664e-11, 7.349104755353191e-11, 7.019322369753897e-11, 7.403867381320201e-11, 6.87574931907954e-11, 7.890032314902701e-11, 6.825707560749728e-11]
[5.3245803279324835e-11, 5.322294678789633e-11, 5.7285888837773553e-11, 6.787986861607085e-11, 7.324216787341771e-11, 7.311455654187088e-11, 6.811763766888725e-11, 6.106892222377885e-11, 5.3250743289553074e-11, 4.906205753218676e-11, 5.0870201131067344e-11, 5.862867360998336e-11]
[7.484585713887993e-11, 4.856316278270521e-11, 7.85867613634343e-11, 4.737103525119034e-11, 6.277774075494492e-11, 5.759205128371278e-11, 4.79833616769655e-11, 6.408316774556447e-11, 5.451577135160245e-11, 5.577282373028551e-11, 5.279355292787254e-11, 5.882897459879494e-11]
[7.397799048421478e-11, 7.167378182546752e-11, 7.462208390382428e-11, 7.164832417847299e-11, 7.244409859638627e-11, 7.260398394685757e-11, 6.938652446083426e-11, 7.061542473920086e-11, 7.255656321733879e-11, 7.313448733396437e-11, 6.704775318054268e-11, 7.509194797452995e-11]
[-1, -1, -1, -1, -1, -1, -1, -1, -1, -1, -1, -1]
[6.415086709838928e-11, 5.1176263497118584e-11, 6.315767258006281e-11, 6.594605894428466e-11, 6.737480751781736e-11, 5.615611417490307e-11, 5.060881789660511e-11, 5.672949667507991e-11, 5.3450105492919347e-11, 7.323752016349068e-11, 7.265217699339379e-11, 7.401398026038815e-11]
[-1, -1, -1, -1, -1, -1, -1, -1, -1, -1, -1, -1]
[7.638675425680909e-11, 7.395961575813475e-11, 6.663896647104522e-11, 7.294911096864662e-11, 7.198212825641906e-11, 7.077822872243074e-11, 7.102679366646437e-11, 7.207299204471966e-11, 7.242486920629112e-11, 7.216866180102763e-11, 7.532947587228168e-11, 7.771996074686435e-11]
[5.6732653983748675e-11, 5.4731974662278826e-11, 7.588768786470132e-11, 6.197566415030839e-11, 7.427083921126652e-11, 5.6610119753096575e-11, 6.956975845073143e-11, 6.190345911214814e-11, 4.269921769496418e-11, 5.15463556223001e-11, 5.7849220503149676e-11, 6.190489839184533e-11]
[5.848367761848814e-11, 7.065602356921842e-11, 5.987736791116978e-11, 5.437149854295752e-11, 6.069315235093058e-11, 7.080290672922882e-11, 6.290879299669359e-11, 5.5136300650727265e-11, 6.663825882905824e-11, 4.8152522446147933e-11, 5.105211237168878e-11, 7.70158068669727e-11]
[7.132046520005329e-11, 7.317076942997748e-11, 6.936395374906869e-11, 7.002729271419753e-11, 6.846371806273516e-11, 6.876566559421289e-11, 7.281449416981838e-11, 7.064350089025133e-11, 7.366891083951052e-11, 7.104074493450904e-11, 7.688903713444692e-11, 7.559193845177284e-11]
[7.424547680633027e-11, 7.354810558475273e-11, 7.47031595433966e-11, 6.615323358389848e-11, 4.9534689329405145e-11, 6.350473098539561e-11, 5.823196278631176e-11, 4.6705918742710236e-11, 7.10152935807434e-11, 5.146086617262922e-11, 5.315532043512924e-11, 4.608825849773363e-11]
[7.025804591236671e-11, 7.192039894728175e-11, 5.346327460782563e-11, 6.365224906077233e-11, 5.000231628106188e-11, 5.773822696167568e-11, 6.781709312552545e-11, 7.055890331547476e-11, 5.346327461899354e-11, 6.365224905577928e-11, 7.02580459265182e-11, 7.192039893812387e-11]
[7.076561645322365e-11, 5.0099767901663175e-11, 7.497561774928013e-11, 7.576556274844806e-11, 5.731491296885307e-11, 5.128736207842948e-11, 7.411485853432617e-11, 6.856851616219793e-11, 5.651010730410951e-11, 7.894431731760807e-11, 5.537600347281168e-11, 5.018068798949423e-11]
[4.650043945113979e-11, 5.4274954912952606e-11, 5.503534230591912e-11, 5.5238322376552624e-11, 4.8422892631401904e-11, 6.647225562737552e-11, 5.829178027476652e-11, 7.08152396527721e-11, 7.238461187646715e-11, 7.00672110265707e-11, 6.970630204100249e-11, 7.112318260492734e-11]
[8.117574954128872e-11, 7.536968534692123e-11, 7.347316641953388e-11, 7.325309483441737e-11, 7.31602680775147e-11, 7.405179612717742e-11, 7.146934172035171e-11, 6.916334138807616e-11, 7.178319126389004e-11, 7.285115522072132e-11, 6.888776412110225e-11, 7.537570564401745e-11]
[5.3868813004318216e-11, 6.274184590981357e-11, 5.998015291915562e-11, 5.875216914566038e-11, 5.871747404775556e-11, 6.740209895317373e-11, 7.075902078221665e-11, 7.302234680397748e-11, 7.411903887600731e-11, 7.369483587653712e-11, 7.340333900707165e-11, 7.31305873448184e-11]
[7.21865480872364e-11, 7.064712561064131e-11, 7.009159304597747e-11, 5.999184867114463e-11, 7.103986402697801e-11, 7.076278708044317e-11, 5.141088198850885e-11, 6.602143166950072e-11, 4.962092171557216e-11, 5.524499285733374e-11, 5.962573240041999e-11, 6.125604666533577e-11]
[6.347800631300669e-11, 6.346975094018487e-11, 7.959024761318408e-11, 7.157938987124349e-11, 7.037626897155942e-11, 7.236682536284426e-11, 6.697308604012762e-11, 7.089541504406732e-11, 8.139132343790993e-11, 7.106307184072052e-11, 7.225613671147705e-11, 5.957451578243364e-11]
[6.547716632099777e-11, 7.063296712449313e-11, 7.071828447676738e-11, 6.985247065640734e-11, 6.37365097163543e-11, 6.838371149113248e-11, 6.675842676718981e-11, 6.362105891944387e-11, 7.561837684788185e-11, 7.320498085997895e-11, 7.56767861876786e-11, 7.751739921985569e-11]
[7.500631197302177e-11, 6.765054879112915e-11, 6.209205987191279e-11, 6.275022200863336e-11, 7.31766727199849e-11, 7.330156165249398e-11, 6.865680858722841e-11, 6.62877448208836e-11, 5.4562062305737326e-11, 5.260870153725146e-11, 5.675876669149676e-11, 6.137213297590091e-11]
[7.45254571963888e-11, 7.503374975614638e-11, 7.363987708790425e-11, 7.445228960128839e-11, 7.316510270407479e-11, 5.339998781993132e-11, 6.664263408010441e-11, 4.874473241643317e-11, 6.89502766811745e-11, 6.913343934434859e-11, 5.192801295969633e-11, 5.2592258146843656e-11]
[6.58048632289848e-11, 6.307968833114099e-11, 6.693639177184499e-11, 5.702432637887625e-11, 5.361847497327548e-11, 5.7518251927966254e-11, 6.32568644526635e-11, 5.903708885686174e-11, 7.537110812617573e-11, 7.228077172198007e-11, 7.810742704384591e-11, 7.694413768051886e-11]
[-1, -1, -1, -1, -1, -1, -1, -1, -1, -1, -1, -1]
[6.965359872061975e-11, 6.392195579413295e-11, 5.85336024006054e-11, 5.7767072437320755e-11, 6.420554540284086e-11, 6.881729717441946e-11, 6.918777833460047e-11, 6.718628891835289e-11, 7.057172874119946e-11, 6.887864510403166e-11, 6.665883014697264e-11, 6.190062360697112e-11]
[6.999854353029027e-11, 7.266334079286855e-11, 7.522931084950996e-11, 7.133621973976598e-11, 7.227905752757586e-11, 7.070920771396273e-11, 6.816333817740173e-11, 7.085606524296886e-11, 6.967613851826854e-11, 6.426876551767281e-11, 7.113441082238888e-11, 6.346333906170611e-11]
[4.864164586787611e-11, 5.3716144830918674e-11, 7.398924776696457e-11, 5.487870809528638e-11, 7.492800672417727e-11, 5.775164299586798e-11, 7.36332017672759e-11, 5.281782925328304e-11, 5.872104579429781e-11, 7.520388415011581e-11, 5.1405590238895e-11, 7.531588462276887e-11]
[7.362610663911969e-11, 7.395166145291915e-11, 6.962406434900701e-11, 7.229675580047436e-11, 6.998483040248187e-11, 6.907743536405845e-11, 7.173642893925536e-11, 7.236059984380308e-11, 7.099920381543891e-11, 7.376758309730184e-11, 7.01955626513163e-11, 7.765874431831262e-11]
[6.721222068393892e-11, 6.273888156294105e-11, 6.311536247300892e-11, 6.551541924438676e-11, 6.784257974480606e-11, 6.629493199488861e-11, 6.531551440763914e-11, 6.591186175040788e-11, 6.542438641318e-11, 7.400872523475808e-11, 6.390348240561366e-11, 7.389377324084196e-11]
[6.112791047974907e-11, 6.06581846341346e-11, 4.4801706018902795e-11, 4.050881352821605e-11, 5.678076288035409e-11, 5.220311265114299e-11, 7.248160772833923e-11, 5.473376401701042e-11, 4.9042893525197414e-11, 4.9651958658948436e-11, 7.334473676448626e-11, 5.732058752545677e-11]
[7.315145479271457e-11, 7.663767743923362e-11, 7.17569247053223e-11, 6.507239980124344e-11, 7.397709254584161e-11, 5.713031774720194e-11, 5.231732914877498e-11, 4.9513270151578966e-11, 4.9299114200961106e-11, 5.034497069198354e-11, 5.043806752046716e-11, 4.439251012391521e-11]
[4.980457605818099e-11, 5.335061563109732e-11, 5.130536832364408e-11, 4.7922378622325505e-11, 5.90816744123979e-11, 5.783902542080445e-11, 5.133282873722346e-11, 5.868478642350472e-11, 6.353691701139658e-11, 7.24444209322785e-11, 7.808691663839709e-11, 8.123209190753979e-11]
[5.461257528799879e-11, 5.763406873947544e-11, 5.425839641657874e-11, 4.927159685688657e-11, 5.851468352941583e-11, 5.6896023738615125e-11, 5.283387997204851e-11, 7.446555796225805e-11, 7.316276165172456e-11, 7.303725744532132e-11, 7.284824569904593e-11, 7.268616926371941e-11]
[7.527676273909137e-11, 7.777899147244215e-11, 4.685616077282927e-11, 5.336388678767328e-11, 4.8696428198220964e-11, 5.424438997189105e-11, 5.6981164658178656e-11, 7.352840642001869e-11, 7.243855631717982e-11, 4.55647422772203e-11, 4.663446201166412e-11, 7.021714530074221e-11]
[7.376406326090706e-11, 7.303367440347918e-11, 7.496052665222139e-11, 7.347028666593445e-11, 7.453614694080566e-11, 7.634352424144626e-11, 7.399639903637498e-11, 7.693980729391475e-11, 7.313305341118454e-11, 7.436919555540218e-11, 7.536588387853182e-11, 7.648558797292346e-11]
[4.997480749201399e-11, 5.09164890605462e-11, 7.329937033153118e-11, 5.558099913692636e-11, 7.491814743824513e-11, 6.28400468537236e-11, 6.385109972234174e-11, 7.439505209274281e-11, 5.507865971306806e-11, 7.294078291080902e-11, 5.2013528285736687e-11, 5.09103623069928e-11]
[7.033165331273145e-11, 7.170531690465434e-11, 7.131229436275583e-11, 7.162557729138011e-11, 7.201318360683156e-11, 7.563192080550076e-11, 7.610313449725804e-11, 7.472026158812177e-11, 7.300741850058158e-11, 7.316786310976172e-11, 7.445342413907201e-11, 7.406731311419496e-11]
[7.497396677419653e-11, 7.545996544041567e-11, 7.065845668675614e-11, 5.159245178353467e-11, 5.614013253516572e-11, 5.616647105549008e-11, 5.5140157016686853e-11, 4.873123665580076e-11, 5.265914465600916e-11, 4.620575817255459e-11, 4.818597358940508e-11, 5.3001066398541086e-11]
[5.178157151819317e-11, 5.1248961818129737e-11, 5.467331847880454e-11, 5.914447032328119e-11, 5.729065936787649e-11, 6.693075108414375e-11, 7.008703959346311e-11, 6.903288836137956e-11, 7.462003253126958e-11, 7.330538863902678e-11, 7.375972070186511e-11, 7.68622170996711e-11]
[5.2523594961950394e-11, 5.62311929258713e-11, 6.153828843852123e-11, 7.290196670732085e-11, 7.42963790460154e-11, 6.182837356954864e-11, 5.5910141284907817e-11, 6.731201148238755e-11, 7.305590976919994e-11, 6.429421478228592e-11, 7.491654969577806e-11, 7.861417367640005e-11]
[7.258782129755992e-11, 7.452652710411378e-11, 7.420247672956974e-11, 6.636531129182229e-11, 7.020933237086568e-11, 5.941934698688243e-11, 6.59579694777335e-11, 7.258153152386537e-11, 6.872023390378721e-11, 6.323983128112036e-11, 5.847569709106122e-11, 6.479806282399438e-11]
[7.435049373887373e-11, 7.075632462812225e-11, 6.808980561941212e-11, 6.249150721618455e-11, 6.974279941375242e-11, 6.81296775763711e-11, 6.56182996074262e-11, 6.539572342678788e-11, 7.313998396701366e-11, 7.278601054679823e-11, 7.562084059126966e-11, 7.427592983951201e-11]
[7.57017924683217e-11, 5.755712403851932e-11, 7.361825199726484e-11, 6.097275750321134e-11, 5.849740702642103e-11, 6.44586371270622e-11, 5.844046782157588e-11, 5.803605704206186e-11, 5.6049919061865835e-11, 5.7755117731496936e-11, 5.7598130948370934e-11, 6.009366734680361e-11]
[5.797759006401064e-11, 5.7729365459669746e-11, 5.6224458137700306e-11, 6.729589450937205e-11, 6.679246069024046e-11, 6.750909753366709e-11, 7.345432337121053e-11, 7.366199777685347e-11, 7.38412695880755e-11, 7.127319168377545e-11, 7.094250430262875e-11, 7.968885157186009e-11]
[7.822681654606129e-11, 7.48869376757751e-11, 7.62172245897494e-11, 7.33123745349113e-11, 5.775907146473447e-11, 6.939052279939312e-11, 5.81361857943344e-11, 6.332865069891841e-11, 6.784196159721878e-11, 6.913169106475194e-11, 6.725777104208865e-11, 6.771159113483468e-11]
[7.060037228659956e-11, 7.168692453008111e-11, 6.00898218972879e-11, 7.049594061855849e-11, 7.427662081460261e-11, 5.69074037396283e-11, 7.543773437768874e-11, 6.004800672040699e-11, 6.83058934302428e-11, 6.682575509557538e-11, 7.005926393793288e-11, 7.018881656069746e-11]
[5.7940721535500616e-11, 5.165083667940605e-11, 5.3228519453114034e-11, 5.5088400973012575e-11, 6.242942927719727e-11, 6.685060075965502e-11, 6.897292432655827e-11, 6.827599906033258e-11, 6.940650487036046e-11, 7.077523908157265e-11, 7.24422755081377e-11, 6.926270649185519e-11]
[5.818630346276273e-11, 6.909824241440843e-11, 5.440249115578217e-11, 5.803066781003229e-11, 7.07658398017699e-11, 7.005399608488433e-11, 5.432061124759207e-11, 7.162420735563404e-11, 5.477096487331208e-11, 5.977819677855163e-11, 5.992794864015532e-11, 7.425436567264453e-11]
[7.797837346516382e-11, 7.58091366760032e-11, 7.523515466869574e-11, 7.366493279360231e-11, 7.328073466248598e-11, 7.340345008765468e-11, 7.381963351155422e-11, 7.168932208171436e-11, 7.403496783601558e-11, 7.153240688113e-11, 7.17423951132774e-11, 6.998311232255263e-11]
[8.256808243199457e-11, 7.173149706555197e-11, 7.131549574932589e-11, 6.75965038719714e-11, 6.880249775883065e-11, 7.44397743249961e-11, 6.784239019631619e-11, 5.763941266231548e-11, 7.131051328714418e-11, 6.286099612618544e-11, 5.4651013059157557e-11, 5.026857432041322e-11]
[6.100565045773142e-11, 5.885772379302964e-11, 7.345289131719542e-11, 6.374946357159828e-11, 6.80364807041398e-11, 6.993412798796895e-11, 6.669930977762397e-11, 6.034072625461719e-11, 7.727049360503254e-11, 7.443071078362717e-11, 5.997821968570978e-11, 7.70026978309489e-11]
[4.1428575817132925e-11, 4.70461576422433e-11, 5.687523936751599e-11, 5.6898224940045356e-11, 5.560817881013716e-11, 7.499164589160881e-11, 6.044042510774124e-11, 5.197516314251816e-11, 6.329077481023298e-11, 7.92237438965444e-11, 7.580557317958826e-11, 7.566736847801324e-11]
[5.866057931595615e-11, 5.901076838335414e-11, 6.887593063732052e-11, 6.064181600882241e-11, 6.207736645973084e-11, 7.23120572980639e-11, 7.244774085830544e-11, 7.123520678327663e-11, 6.688204958651132e-11, 7.383444250357101e-11, 5.961932076365768e-11, 5.969912262325678e-11]
[7.483100379060644e-11, 6.388653135896977e-11, 7.286224878056769e-11, 7.233847821254487e-11, 7.041533559091063e-11, 6.488428952538246e-11, 6.82044436554106e-11, 7.10018251968227e-11, 6.730207913907317e-11, 6.799738650433118e-11, 6.298299956310724e-11, 6.75543541949732e-11]
[7.097631345061316e-11, 6.920982949606245e-11, 7.604648263875635e-11, 6.802811417611256e-11, 6.583194960427172e-11, 6.701895954627238e-11, 5.864085684144252e-11, 6.042103450374242e-11, 5.972194971724197e-11, 6.845680654804295e-11, 7.227187480431037e-11, 6.558690977262761e-11]
[6.975937430393329e-11, 8.080760665249451e-11, 7.371609102371686e-11, 6.833407072139453e-11, 6.675539533239941e-11, 6.805413959150726e-11, 7.226834466784771e-11, 7.71173156396913e-11, 7.022850818551765e-11, 6.210142285837265e-11, 5.890877383149611e-11, 6.011251467414529e-11]
[5.2142187591197005e-11, 5.951590141756343e-11, 7.246988033610161e-11, 6.006653451925147e-11, 5.974670190822701e-11, 5.277417916275331e-11, 5.6415974495195376e-11, 5.3501926810598274e-11, 6.291343999509712e-11, 6.468109662503879e-11, 6.678772522254936e-11, 6.593748526315581e-11]
[6.684685678091537e-11, 7.280273796885506e-11, 6.73971612252874e-11, 6.293729148593822e-11, 6.563987442681e-11, 6.401547239544638e-11, 7.357248145065914e-11, 5.62938251868004e-11, 6.006162125835794e-11, 5.783007956482442e-11, 4.9483357827098766e-11, 5.201106383594086e-11]
[4.6556878315469056e-11, 5.114314063307693e-11, 5.92054056268685e-11, 5.4621394190903234e-11, 4.9945583855211394e-11, 5.353908191010891e-11, 5.082507320167368e-11, 5.3283300184753944e-11, 6.074918687801624e-11, 5.265280438445318e-11, 5.2216129857963644e-11, 6.244787469199114e-11]
[7.471007971963372e-11, 7.49031387141908e-11, 7.329784163898791e-11, 7.245204629201985e-11, 5.6637922837493506e-11, 6.29190534775905e-11, 6.585544665458704e-11, 5.388605017694659e-11, 5.590222122586535e-11, 5.242932693149686e-11, 7.918663278468625e-11, 4.885597604284849e-11]
[5.541937075383688e-11, 5.545305670808972e-11, 6.50675837347457e-11, 6.216820766238653e-11, 5.471474666540253e-11, 6.63532013144596e-11, 7.372369788618607e-11, 5.187268628779321e-11, 7.401623364676762e-11, 7.498871271596236e-11, 5.3186568482326045e-11, 7.902633515491159e-11]
[6.356961562553693e-11, 7.893777029713212e-11, 6.43260143618194e-11, 6.792324213949834e-11, 6.972389686573363e-11, 6.19129749967172e-11, 6.531917156051567e-11, 7.200910191653734e-11, 7.25507531627256e-11, 6.83300907057501e-11, 8.02972000826153e-11, 7.542315843975034e-11]
[4.3260069436043286e-11, 7.011717152389815e-11, 4.761230766973202e-11, 5.73606614558668e-11, 7.422980963300747e-11, 5.6617359601644857e-11, 5.963401179233943e-11, 6.839953875082058e-11, 5.661917832996846e-11, 5.338041946285354e-11, 7.002362767199299e-11, 5.8041644348363644e-11]
[7.781396318999112e-11, 7.134940548929334e-11, 7.444090819162395e-11, 7.263165023482381e-11, 7.486230403686639e-11, 7.383757754573493e-11, 7.231208281406735e-11, 7.332681506524113e-11, 7.553633418481135e-11, 7.64898549879346e-11, 7.447387878653133e-11, 7.523151228539233e-11]
[7.161300613546777e-11, 7.150700591196804e-11, 7.071707098039595e-11, 7.339528973901263e-11, 7.231390806598906e-11, 5.478871133078566e-11, 5.648499213529598e-11, 5.2565201220631476e-11, 5.5658720301475134e-11, 7.016566895219138e-11, 5.556006674255601e-11, 5.261595269072704e-11]
[6.850767122623132e-11, 6.224008557752534e-11, 7.217812863442536e-11, 6.672149577166063e-11, 6.202603576552863e-11, 7.232640093658948e-11, 6.624501235197798e-11, 5.822888115172556e-11, 5.275606800383256e-11, 5.5507315348441644e-11, 6.31960431805634e-11, 7.179100990031479e-11]
[7.52435445010821e-11, 7.964273088293165e-11, 7.398243389874321e-11, 7.552489293045638e-11, 7.228293749250878e-11, 6.360351017131058e-11, 6.607186603008883e-11, 6.84213323224084e-11, 7.107600288121648e-11, 7.266132615000719e-11, 6.771489354442781e-11, 6.185023950205464e-11]
[6.08384426057701e-11, 7.23564416893392e-11, 6.706113622341301e-11, 5.715851208811843e-11, 6.528015359912482e-11, 6.268503342586028e-11, 6.388252899128598e-11, 5.532699885695614e-11, 5.5368142667382074e-11, 7.868354730122885e-11, 4.772872115837575e-11, 5.098191852420188e-11]
[7.731861187205378e-11, 6.40672045920528e-11, 6.405310789933359e-11, 6.847599829348519e-11, 7.608678565142721e-11, 7.393190642636946e-11, 6.986974593403472e-11, 7.199592373372947e-11, 6.468764627627435e-11, 7.278776662060936e-11, 6.567337458244319e-11, 7.202445592236754e-11]
[5.179251062148452e-11, 7.361742097023794e-11, 7.865860491985931e-11, 5.297946588106647e-11, 7.392355431012455e-11, 5.779961464882431e-11, 6.825753149653992e-11, 6.486667541406973e-11, 7.334251818354607e-11, 7.38160313088787e-11, 6.069026984124128e-11, 6.528174189710148e-11]
[8.11779884392606e-11, 7.528571862551755e-11, 7.321374451205667e-11, 7.714048678219215e-11, 7.545682157741341e-11, 7.315754973673628e-11, 7.63072667331865e-11, 7.226409319392556e-11, 7.191866406905244e-11, 7.409938382623806e-11, 6.980547010894959e-11, 6.794657862894396e-11]
[7.359320346319609e-11, 5.7379069031100484e-11, 5.316971848453588e-11, 5.295651761042923e-11, 7.290805481501304e-11, 6.378071532332349e-11, 7.240774225544289e-11, 7.258860662500715e-11, 6.63977970012339e-11, 5.803500062136616e-11, 5.5956669250206195e-11, 5.802528469517079e-11]
[6.981455517468698e-11, 6.861616777045153e-11, 6.507210961681276e-11, 6.504674679839473e-11, 6.464033702248074e-11, 6.255214029568692e-11, 6.762933104462987e-11, 6.621391577542372e-11, 6.335580430201633e-11, 6.638936998467126e-11, 7.189350750876525e-11, 6.91297125216946e-11]
[7.975347851406065e-11, 6.4659915631619e-11, 7.010716066325026e-11, 7.299404066202276e-11, 5.994694779079574e-11, 7.347657774303936e-11, 7.122989338807811e-11, 6.222340601094848e-11, 7.299811696310405e-11, 7.112564511391277e-11, 6.988572260770419e-11, 6.149102307659578e-11]
[6.241251215322339e-11, 5.477410885080321e-11, 4.930581023797769e-11, 6.196589663387835e-11, 7.477240225904427e-11, 5.263006510285094e-11, 6.767848374717122e-11, 6.746983948891519e-11, 5.834479560488663e-11, 7.298931106363782e-11, 7.877326099799915e-11, 7.366079473651296e-11]
[6.733447408883713e-11, 6.606061316606475e-11, 7.078369274194142e-11, 7.898165548549288e-11, 6.622510304928828e-11, 7.120100790044766e-11, 7.26319154494969e-11, 7.307416044411154e-11, 7.189775757726121e-11, 6.351403630459251e-11, 6.096125969954076e-11, 6.114223799480043e-11]
[6.61434932143552e-11, 5.873814352172211e-11, 5.231020605281205e-11, 5.601253635871396e-11, 6.45432552521545e-11, 5.446497179678112e-11, 5.812784730407636e-11, 6.415133974240619e-11, 6.848088970246138e-11, 7.247499793118808e-11, 7.293825544887891e-11, 7.633912850890355e-11]
[5.121693604710375e-11, 4.945065636334985e-11, 5.53205725718809e-11, 5.134090839619966e-11, 5.953831627721043e-11, 7.112386894334826e-11, 5.966227816059884e-11, 5.806381961925718e-11, 5.397268661512094e-11, 5.395747211986196e-11, 5.226221096158438e-11, 7.832034715520409e-11]
