[4.248480762639512e-11, 4.857996420258108e-11, 7.788941332850785e-11, 4.8218867444621613e-11, 7.202956431296673e-11, 7.205162641208323e-11, 5.5660285911920356e-11, 7.238717264467083e-11, 5.972506287428597e-11, 5.6933769700698146e-11, 6.25420930844726e-11, 7.252919712425993e-11, 5.135010772181591e-11, 5.4402638872139855e-11, 5.981424956088451e-11, 4.629937036708032e-11, 6.354540199411017e-11, 7.621930517596439e-11]
[4.367870402218328e-11, 4.214961807920104e-11, 5.544951261112269e-11, 4.5698886573587126e-11, 5.108800508030831e-11, 4.888145998045491e-11, 4.960525935963083e-11, 5.767648173160852e-11, 4.476688921309824e-11, 5.023461940981143e-11, 7.001116081381027e-11, 6.737633287705162e-11, 7.112374761506121e-11, 6.446662943287097e-11, 7.286782663183823e-11, 7.515458418073686e-11, 6.566583397582005e-11, 7.216165945876447e-11]
[6.781631107390686e-11, 7.555409580441688e-11, 7.301472179002935e-11, 7.184213425585105e-11, 6.771348445022917e-11, 6.601911236570545e-11, 5.3221877715314654e-11, 5.275203314649535e-11, 4.5524086919551104e-11, 4.4888420302735146e-11, 4.365776923622774e-11, 4.661560950963914e-11, 4.869744809536863e-11, 5.0963232539705754e-11, 5.497751413464047e-11, 4.132265195578251e-11, 4.640216988891103e-11, 5.2450379963134916e-11]
[6.977772258883969e-11, 7.419523268663358e-11, 7.006619793564053e-11, 6.951477041542616e-11, 6.940153618933821e-11, 7.501683725668618e-11, 7.128850621126733e-11, 7.362287737916849e-11, 6.661080525824763e-11, 7.037223437823313e-11, 7.238374402201751e-11, 7.155757457801913e-11, 5.759276772383598e-11, 7.140409335444995e-11, 7.283524078398834e-11, 6.080453927713768e-11, 7.148964083887298e-11, 7.28781553970609e-11]
[8.079144549665788e-11, 7.661693473698858e-11, 6.105393394023757e-11, 5.907914700784265e-11, 7.057961808545341e-11, 6.375186969953084e-11, 6.576788101139759e-11, 6.944050801734279e-11, 7.059044212943245e-11, 6.676954801344354e-11, 6.964185381793111e-11, 6.81979207430944e-11, 5.889467455382956e-11, 6.453693601670833e-11, 6.306323158108395e-11, 6.201731794885766e-11, 5.981295693174962e-11, 5.607059347592686e-11]
[7.490318084160775e-11, 6.893266038528241e-11, 5.743255036772378e-11, 5.994330793413601e-11, 6.510367720879061e-11, 6.846204305480313e-11, 4.998851576727714e-11, 5.331933090835004e-11, 5.6008231148853473e-11, 5.598131175093403e-11, 5.964914759101632e-11, 6.025179425026856e-11, 5.28349118085836e-11, 5.95877034014924e-11, 5.400587764388886e-11, 5.848561895504773e-11, 5.361462476238051e-11, 4.665680581866062e-11]
[5.842072660483365e-11, 5.44299660026481e-11, 5.263771066813511e-11, 5.859501507038593e-11, 5.606720409269391e-11, 5.6348531435962365e-11, 7.160902101028029e-11, 6.227110187362203e-11, 6.914237693180334e-11, 6.175924723191033e-11, 5.251675034866159e-11, 5.742124146657619e-11, 5.230915602626795e-11, 5.2994466321913384e-11, 4.806952246874457e-11, 4.935810672569649e-11, 5.2729762878736635e-11, 4.6976200769734605e-11]
[5.3891744976568287e-11, 5.4987401600960126e-11, 4.766147090419191e-11, 4.522348999670443e-11, 5.329996760053852e-11, 7.260222910517141e-11, 4.560027156558104e-11, 4.610438386012377e-11, 3.738223212067832e-11, 4.490538551181829e-11, 4.922028641474144e-11, 4.726588364368715e-11, 4.305938367598181e-11, 6.025318807322403e-11, 4.644424111005964e-11, 5.287480933564803e-11, 6.092664622473636e-11, 5.489548122443559e-11]
[6.138264204005397e-11, 6.397513244731386e-11, 7.229881188344293e-11, 6.714456318062236e-11, 5.802990508247182e-11, 7.616815487602696e-11, 6.080199166727462e-11, 5.251274746518604e-11, 5.190215861121973e-11, 7.595975003186587e-11, 5.6600084676169034e-11, 5.2141312157435174e-11, 5.249181934271135e-11, 4.337795200086233e-11, 4.985296908665918e-11, 5.0551860925080757e-11, 4.900147658208424e-11, 3.6129274045848744e-11]
[7.931552182321172e-11, 5.1690810605009814e-11, 6.772695641278723e-11, 5.992591517192625e-11, 5.0491947213734395e-11, 5.245744564537778e-11, 5.301671651567131e-11, 5.687272577729845e-11, 5.6635212949359706e-11, 5.127537948755925e-11, 5.0230841474987734e-11, 6.357180973452356e-11, 5.723056070983917e-11, 5.597023043355941e-11, 5.268739470131725e-11, 5.786441229029626e-11, 5.984329365960813e-11, 6.071719145014956e-11]
[7.4488580068365e-11, 7.235563167973107e-11, 4.112578773575484e-11, 4.538986372810639e-11, 4.1822756592496915e-11, 6.689158807804324e-11, 6.35670972552494e-11, 5.173131003092982e-11, 5.079249730068518e-11, 7.096493803542764e-11, 6.998641640329618e-11, 4.564843705671106e-11, 4.3443751039821335e-11, 7.185617629207978e-11, 4.516400290054674e-11, 4.0837915908049954e-11, 7.229816288786192e-11, 6.914103748620599e-11]
[6.072028685152766e-11, 6.311096842599337e-11, 6.577715269588513e-11, 6.88240941057129e-11, 6.963204021325415e-11, 6.283764147278187e-11, 5.863111719738834e-11, 6.24103084880664e-11, 6.791937114099763e-11, 5.92798267822328e-11, 6.332646717843039e-11, 6.350511789358154e-11, 6.690318989768898e-11, 6.4117174641629e-11, 7.249045464293973e-11, 6.413323104462359e-11, 7.113575939515084e-11, 7.322663589956061e-11]
[6.556182167334211e-11, 7.031413581838372e-11, 6.855762796552503e-11, 7.27935393591375e-11, 6.837615529531033e-11, 6.727842019848061e-11, 7.047148238746456e-11, 6.782356320514696e-11, 6.481596725444474e-11, 7.444908642491233e-11, 6.809927851681875e-11, 6.207188384345383e-11, 7.178578468613422e-11, 7.167413543796928e-11, 7.450957819214094e-11, 6.97448510693377e-11, 6.901436751287745e-11, 6.325295444357626e-11]
[7.196706803484076e-11, 7.465128245374419e-11, 7.741533585184387e-11, 7.211193584202593e-11, 7.332512227245677e-11, 6.103161277822849e-11, 6.121015240866598e-11, 6.126997145946397e-11, 5.72036429175474e-11, 5.286904607450422e-11, 5.5559359780067796e-11, 4.614889147762838e-11, 5.2403264624043225e-11, 5.328425149448145e-11, 5.891593569407563e-11, 4.731250859058495e-11, 4.830979112790942e-11, 5.51931611952303e-11]
[7.24924940788584e-11, 7.241026126196627e-11, 7.177400545189962e-11, 7.496401242243661e-11, 7.260321986169033e-11, 6.678625153436366e-11, 7.159880274922526e-11, 7.103573076787685e-11, 5.528887511563449e-11, 6.710636961257551e-11, 5.4639018423929954e-11, 4.911028789794535e-11, 5.215472339440862e-11, 5.7469496443523106e-11, 5.0284444210770906e-11, 4.18351747094173e-11, 4.610756367455855e-11, 5.494888120842642e-11]
[7.47808278290572e-11, 6.994412291321066e-11, 6.994078570210323e-11, 6.12740694950104e-11, 6.36456121768291e-11, 5.250662270156548e-11, 5.260396789025154e-11, 6.202967802285381e-11, 5.845315326384417e-11, 5.050884521673146e-11, 5.5836847800096703e-11, 4.9314161112256216e-11, 5.14878526158128e-11, 4.752369868106872e-11, 4.354310799261296e-11, 5.313271042316219e-11, 5.5175806783506665e-11, 5.0607836774080966e-11]
[6.627535420110535e-11, 6.787027798100334e-11, 7.035547494142443e-11, 7.38223124947177e-11, 6.295814366439767e-11, 6.619700552976237e-11, 6.965180246470717e-11, 7.26318653904975e-11, 5.945971113797193e-11, 6.462456107451691e-11, 7.242906901058626e-11, 6.489912879770486e-11, 5.7751900325563367e-11, 6.015845335121505e-11, 6.380768417583707e-11, 6.549012117367463e-11, 6.909114863029867e-11, 6.647776355194204e-11]
[4.010854948740872e-11, 4.723659434044624e-11, 7.01727703789117e-11, 5.669670117936818e-11, 4.7930879266407326e-11, 6.738219958378574e-11, 5.87492645994983e-11, 5.971773421828039e-11, 6.520665368538306e-11, 6.474533196464842e-11, 5.2841596231124085e-11, 5.191818837949999e-11, 5.839031050976282e-11, 6.547275106649989e-11, 4.5478202868128854e-11, 5.170067240520009e-11, 4.260852166693689e-11, 7.615233024902452e-11]
[8.035687838033801e-11, 7.641958077227395e-11, 5.694827937179795e-11, 6.985921038713325e-11, 5.682784241450496e-11, 5.8194939676274605e-11, 6.465780633552088e-11, 5.940514096069788e-11, 5.550060376401791e-11, 6.309671007929297e-11, 6.579359079442901e-11, 6.678078343170326e-11, 6.72730079558483e-11, 6.089666508148688e-11, 5.853486749799397e-11, 6.184264584381934e-11, 6.036924083860061e-11, 5.723895996052464e-11]
[7.125467534981245e-11, 6.774760917891e-11, 6.462842992095684e-11, 6.938171187535673e-11, 7.162329961602202e-11, 6.929732618264032e-11, 6.972899258496915e-11, 6.74405668783578e-11, 6.758462926482542e-11, 6.47990434241435e-11, 6.877156393795043e-11, 6.706150955680683e-11, 5.441276378565838e-11, 5.572984794937021e-11, 6.969946393277441e-11, 5.1902498385400854e-11, 5.211919052945662e-11, 6.954400692964064e-11]
[5.787305466303221e-11, 7.485516406626468e-11, 7.037327652997505e-11, 6.295740416951385e-11, 5.77726110543922e-11, 7.28099300332617e-11, 6.724558344501022e-11, 6.295513539292745e-11, 6.694853329795834e-11, 5.732745125259558e-11, 5.102615525378068e-11, 5.0815368604005765e-11, 6.595777914877793e-11, 5.041689339357425e-11, 5.116608636648261e-11, 4.814893675488637e-11, 5.446254254463404e-11, 5.304435763921908e-11]
[6.149381193043405e-11, 6.249228805864837e-11, 5.735171619380703e-11, 6.286379802074611e-11, 6.04273771170659e-11, 5.879090217312492e-11, 5.870723803134621e-11, 6.23111762892402e-11, 7.34999770458473e-11, 6.69621969232344e-11, 6.479571649555598e-11, 6.908461856862488e-11, 5.943032588745001e-11, 6.518245108598729e-11, 6.566906569745355e-11, 5.862567065959757e-11, 7.428372813069385e-11, 6.869224796760722e-11]
[7.381727018270717e-11, 7.028242119048652e-11, 6.445193961748628e-11, 7.14967177958425e-11, 6.706542970703194e-11, 7.20739661136208e-11, 6.602409651069582e-11, 6.540415743701225e-11, 7.352332868216807e-11, 7.633017392689183e-11, 6.92719929512105e-11, 7.416499333760354e-11, 7.05719540720858e-11, 7.199454537410332e-11, 7.020432432375078e-11, 6.457297185584369e-11, 6.465097536319639e-11, 6.377853175966447e-11]
[6.548723413580647e-11, 5.83456902524582e-11, 6.312528139562305e-11, 6.482252645076781e-11, 6.690158288605926e-11, 6.297167879792754e-11, 6.946246625878563e-11, 6.870210310229744e-11, 6.463225926615299e-11, 5.605398212078404e-11, 7.266657761279184e-11, 7.233812883905989e-11, 7.438153647061734e-11, 5.711937820760554e-11, 7.165882047847335e-11, 7.276681623174354e-11, 7.103392541330044e-11, 7.202757491403179e-11]
[7.42382395569075e-11, 7.220027441031343e-11, 7.084964161658778e-11, 7.106987308645913e-11, 4.7693872998463944e-11, 5.7318596233957625e-11, 6.664597130043853e-11, 6.89707252785082e-11, 4.802257254513562e-11, 6.710433449565201e-11, 4.766910692852543e-11, 6.823106963664612e-11, 6.18696417518173e-11, 5.709398132978923e-11, 3.566040181970434e-11, 4.1106437389365933e-11, 5.165887748082362e-11, 5.5152823390371514e-11]
[6.634871646528074e-11, 6.712118785092127e-11, 5.78739787182902e-11, 5.576257812292772e-11, 6.72017118685867e-11, 6.856105877524389e-11, 6.763991011366533e-11, 5.6202518281430836e-11, 7.13330182954409e-11, 6.663492931384391e-11, 6.223403235322357e-11, 5.515070482515903e-11, 5.48171385585161e-11, 5.392676952386667e-11, 5.1982692293941313e-11, 5.49431626005809e-11, 5.199056969425806e-11, 4.716657285463937e-11]
[6.293551727979972e-11, 6.748526902583777e-11, 6.684436750305924e-11, 6.339033819816256e-11, 6.160047479962596e-11, 6.233957398489327e-11, 6.31400700565703e-11, 6.028507324506661e-11, 5.825875532997725e-11, 5.994945775212045e-11, 6.181185240836446e-11, 6.083678559537058e-11, 7.356228002151012e-11, 7.326541252998956e-11, 7.495708105487213e-11, 7.715813209968906e-11, 7.412410478018826e-11, 7.66160773882856e-11]
[6.740932980072479e-11, 6.08837986806333e-11, 5.250815146986111e-11, 4.926305645189676e-11, 7.208258455780598e-11, 6.548218452150354e-11, 5.4825225135636595e-11, 5.6169689698718546e-11, 6.906639734776544e-11, 6.842090185052519e-11, 5.554473288445449e-11, 4.5719330325994884e-11, 5.900915217730863e-11, 6.016502162227367e-11, 7.025596029029893e-11, 4.9164481428649294e-11, 6.223529237797008e-11, 7.668117556809685e-11]
[5.259588598721016e-11, 4.6220642079238783e-11, 4.362039328841211e-11, 5.1216746419023475e-11, 6.962025903903547e-11, 5.213534800403971e-11, 4.8771219583085646e-11, 4.909752379017381e-11, 6.48305144228832e-11, 4.965076496476607e-11, 7.241210871052926e-11, 5.6291130457875055e-11, 6.877490485907378e-11, 7.140692435828218e-11, 7.170009569413127e-11, 6.637189050039327e-11, 7.05466041398425e-11, 7.277246226927408e-11]
[5.912408176233925e-11, 5.409539782077525e-11, 7.374252161745914e-11, 5.252330573445285e-11, 6.291493317363312e-11, 6.600070275503032e-11, 5.414934132822667e-11, 5.148243666487996e-11, 5.723543701303509e-11, 6.226105194033902e-11, 5.634319886510626e-11, 6.402828296493648e-11, 6.223244370916141e-11, 7.243334892319763e-11, 7.369840398377582e-11, 7.645944100232318e-11, 7.481073165516824e-11, 7.422267153570303e-11]
[7.171313721890103e-11, 7.235725213660264e-11, 7.263467126850019e-11, 7.05871807755088e-11, 7.177893635139337e-11, 6.3972788694785e-11, 6.067901651982266e-11, 7.235061627401925e-11, 7.169665847695082e-11, 5.922955350785121e-11, 5.517424979198322e-11, 6.481555286634126e-11, 7.149959600750979e-11, 6.536015858987594e-11, 7.325728279062764e-11, 7.142863584552383e-11, 7.20438318972946e-11, 7.132246094519411e-11]
[5.7193412903960335e-11, 6.206268938657736e-11, 6.689120365334552e-11, 6.803260501066593e-11, 5.823313932648113e-11, 6.54791855889061e-11, 6.607436831818033e-11, 6.065136640783953e-11, 6.390511297178953e-11, 6.161928824933235e-11, 5.829131117120736e-11, 5.727020855253092e-11, 6.608144368329273e-11, 6.044166526366073e-11, 6.831853436484752e-11, 7.324717752804091e-11, 7.407271087614769e-11, 6.825934781341214e-11]
[7.621076951204866e-11, 6.691778270136473e-11, 5.679794366826707e-11, 4.630123326798032e-11, 4.4329648752519084e-11, 4.211276938514719e-11, 4.901976361742032e-11, 5.240884160070192e-11, 4.3027033680201874e-11, 4.3466166568574895e-11, 4.634622631003394e-11, 6.27517905479055e-11, 4.74111037670876e-11, 6.343986921668101e-11, 6.790678606144227e-11, 4.814846772678091e-11, 4.1583578681866645e-11, 4.807083345381962e-11]
[4.739781780800022e-11, 5.106952891068647e-11, 5.777603271838869e-11, 5.3808480374671963e-11, 5.189538893008163e-11, 6.515438559493671e-11, 5.912503646546426e-11, 6.504630826772724e-11, 6.974239692772908e-11, 6.742672471407507e-11, 5.644622145513017e-11, 5.890908225862329e-11, 6.816509687754108e-11, 7.104257472163436e-11, 7.107343396516428e-11, 7.113789135124047e-11, 7.312405592471192e-11, 7.177663397750496e-11]
[4.6094210117517595e-11, 5.2010479430866285e-11, 4.678927661987801e-11, 4.44163224362723e-11, 4.3573393044629585e-11, 4.9146392310651334e-11, 4.959335209279142e-11, 5.231909644383711e-11, 4.641030244799936e-11, 4.974695170676712e-11, 4.949090221679281e-11, 4.947127121497752e-11, 7.184548984016068e-11, 5.244684705914403e-11, 7.38987483969329e-11, 5.545546484215437e-11, 4.856852378215884e-11, 5.433339456690115e-11]
[5.029646779760943e-11, 4.444175601403142e-11, 3.8372290795277635e-11, 5.1942638942012166e-11, 5.621707980794179e-11, 5.3029615284001627e-11, 5.191309477930504e-11, 4.449412878036081e-11, 5.4127677870641737e-11, 5.185776037131154e-11, 4.908633847139965e-11, 6.301291654218205e-11, 5.2726466991063546e-11, 7.117220106910664e-11, 6.896900515753143e-11, 7.002133759932416e-11, 6.950295718903718e-11, 7.096384965268177e-11]
[6.872697766530864e-11, 5.089187513062596e-11, 5.4336065916955584e-11, 5.337409552850207e-11, 5.1864852410761974e-11, 4.9292755177090586e-11, 5.303264134722522e-11, 7.310809247167541e-11, 7.343606595001629e-11, 5.799420289119423e-11, 7.069255720130877e-11, 5.427049793272919e-11, 6.91195471466967e-11, 6.91097432927074e-11, 6.893885795703816e-11, 4.7669811363831175e-11, 5.584576911818172e-11, 6.591633495644296e-11]
[5.5437646573454905e-11, 5.794489967626506e-11, 7.337581326801058e-11, 5.84846552777405e-11, 6.031137398855155e-11, 7.334014954852368e-11, 7.15528859898351e-11, 7.258889112599327e-11, 7.308234169077987e-11, 7.231902004221678e-11, 5.98272366419653e-11, 6.6366187793401e-11, 6.425836240958811e-11, 6.33061915343238e-11, 5.905857339866201e-11, 6.538884907062559e-11, 7.169566233286858e-11, 7.45932499587718e-11]
[5.835608861874878e-11, 5.850099652211781e-11, 5.520032065146743e-11, 6.075031166452337e-11, 6.548394427899563e-11, 4.7227554377997724e-11, 4.450892990985699e-11, 5.0690706729504633e-11, 6.672087343913205e-11, 6.638666518286777e-11, 4.961885179654993e-11, 5.22373428108066e-11, 6.586761872007244e-11, 5.1014145245596065e-11, 4.774394097789871e-11, 4.766905241554034e-11, 7.213630097124055e-11, 7.415338501376536e-11]
[4.504383226085267e-11, 6.130794770696267e-11, 4.8481451123115476e-11, 5.390525221366843e-11, 6.351662960355111e-11, 5.663240409113171e-11, 5.941766883847157e-11, 6.512602334286966e-11, 6.758200153285953e-11, 6.440253133140583e-11, 6.660196349936189e-11, 4.6495333116416206e-11, 6.364161249437867e-11, 3.72046071824384e-11, 4.2577021951921274e-11, 5.406534377998982e-11, 5.215141284684221e-11, 5.134791563786664e-11]
[6.992446280117689e-11, 7.00762732733883e-11, 5.447218711461889e-11, 5.329056238685902e-11, 5.6793054871245206e-11, 6.125565195244827e-11, 5.37899915376578e-11, 5.365329847801794e-11, 5.548272431112325e-11, 5.909681332946672e-11, 5.027143218130115e-11, 5.506559414724854e-11, 6.182613650213843e-11, 5.968923265713726e-11, 5.90085007248594e-11, 6.376602852508139e-11, 5.1877463033169033e-11, 5.078617834331649e-11]
[6.52549670674494e-11, 5.350315561967164e-11, 5.156690346724683e-11, 6.701992531264489e-11, 4.476291061656039e-11, 4.7660676950536994e-11, 5.096038143931266e-11, 4.47204512948802e-11, 4.658175827755077e-11, 4.4785594937088395e-11, 4.981868706126204e-11, 4.5853370241931927e-11, 5.175039171042939e-11, 4.369444450742264e-11, 4.1810609358514635e-11, 4.9056438627434934e-11, 5.190436265263895e-11, 4.873842579256766e-11]
[6.948086500566114e-11, 7.423726441117929e-11, 7.447230819359728e-11, 7.224582942751774e-11, 5.654045054145716e-11, 6.092175088535683e-11, 6.448196279049324e-11, 6.18586344194195e-11, 5.98751161068125e-11, 5.971992021780104e-11, 6.616086612082696e-11, 6.290796652843651e-11, 7.501136741778084e-11, 6.581894625905954e-11, 6.008319810711552e-11, 5.987695929489457e-11, 7.275883660189565e-11, 6.757569308249179e-11]
[5.655794805314203e-11, 7.161574525818795e-11, 7.102037098575624e-11, 5.465447467422747e-11, 6.718570213465106e-11, 7.098598016250174e-11, 5.859874421655076e-11, 7.15630673744332e-11, 7.004741056274197e-11, 6.52421548884599e-11, 6.002636409577218e-11, 5.3676547234649846e-11, 5.636313290215138e-11, 5.760481169764434e-11, 5.043205528451949e-11, 7.259886870735949e-11, 5.9115387913695e-11, 4.8694033692310775e-11]
[6.525371465876808e-11, 4.5321850966461245e-11, 5.0720665891912694e-11, 6.008798537878353e-11, 7.033828058430536e-11, 4.7745979331251593e-11, 6.794119514119948e-11, 6.818590091778297e-11, 4.8075457254365494e-11, 6.795614950693535e-11, 6.75603764428008e-11, 7.254967141904712e-11, 4.264343841763626e-11, 6.537318709958102e-11, 7.114363932135638e-11, 4.127170637753472e-11, 6.316013871784372e-11, 7.291415768291183e-11]
[5.3344621569579534e-11, 7.818732181010808e-11, 5.504473172142611e-11, 5.434626109773839e-11, 5.234907123116917e-11, 5.668596827501202e-11, 5.1214159303515806e-11, 4.641145242005749e-11, 5.2054279973603574e-11, 5.6437494493478074e-11, 6.370414559332123e-11, 5.140808124056771e-11, 4.725595662297956e-11, 6.116049850425918e-11, 4.8810329368650747e-11, 4.406560386284511e-11, 7.395507917779639e-11, 5.464873402246989e-11]
[5.085470263920637e-11, 5.5614000919166765e-11, 6.443758966707147e-11, 5.79807958723669e-11, 6.730091516070259e-11, 6.620956784476393e-11, 6.89683224487672e-11, 5.86705975586187e-11, 4.8144002489722147e-11, 5.3289265757290494e-11, 5.41865771851815e-11, 4.902972120745675e-11, 5.780334588783046e-11, 6.15086559506128e-11, 5.6337330970192256e-11, 4.8282672827665894e-11, 4.3246615075127765e-11, 4.944887781398609e-11]
[6.487407523697593e-11, 5.788798168637287e-11, 6.305440394676898e-11, 6.220554271151408e-11, 6.408051063205103e-11, 6.569346226689386e-11, 5.66795106937391e-11, 6.701753848083763e-11, 6.840390054108376e-11, 7.019080786040702e-11, 7.182131870216912e-11, 6.819413751540429e-11, 4.1608250174761586e-11, 4.200581435998381e-11, 4.8159438781877394e-11, 4.919050795383356e-11, 4.2928159470946924e-11, 4.3457585712174234e-11]
[5.193882192237614e-11, 7.16618528408725e-11, 5.425998226881863e-11, 5.526168793502359e-11, 5.586347973799308e-11, 4.8739868925579995e-11, 5.520776252888371e-11, 4.7174395514978526e-11, 6.662977804450762e-11, 5.96180183369561e-11, 4.5130813599263074e-11, 4.925758842490135e-11, 4.4713109505258085e-11, 4.838052626111959e-11, 5.7177878198123036e-11, 4.503179439388001e-11, 4.40013847849893e-11, 4.652744723950926e-11]
[7.835360592115031e-11, 4.770859076776454e-11, 4.617588269360501e-11, 6.34418370025955e-11, 5.70164437574679e-11, 5.3482556110949956e-11, 4.588362175599584e-11, 4.519683149961594e-11, 5.0504815388327714e-11, 4.534229349204841e-11, 5.8206590617202696e-11, 6.372630440326872e-11, 5.14203133685902e-11, 4.3780736079782386e-11, 6.423276217775323e-11, 7.092515791720725e-11, 7.011483926667991e-11, 6.934532726316413e-11]
[5.5213732767736523e-11, 4.925414613411114e-11, 4.5661757258948775e-11, 3.7619120639230066e-11, 5.7825881526001414e-11, 5.392502518992728e-11, 4.733576957640518e-11, 4.5179682762133536e-11, 4.5285150630654814e-11, 5.5362141704398373e-11, 6.204076871621851e-11, 5.962266124777454e-11, 7.191277618682915e-11, 7.242321174022667e-11, 5.676609624163844e-11, 5.694819247823975e-11, 6.40478134147368e-11, 5.208766690871748e-11]
[5.6238636200757664e-11, 5.934624973703901e-11, 5.844207052801942e-11, 4.695347175966332e-11, 5.2248989296055145e-11, 5.460535873166395e-11, 4.9937808529017414e-11, 5.628753005306318e-11, 5.906669728446276e-11, 7.052874434777984e-11, 6.131522439193192e-11, 6.555990293434638e-11, 5.7865863145000644e-11, 6.154561546292406e-11, 5.95768161722658e-11, 6.953243936679486e-11, 5.796191564725201e-11, 6.191864315599068e-11]
[7.226025847935405e-11, 7.441303609408683e-11, 7.189149821843252e-11, 6.852793548751005e-11, 7.22347131732217e-11, 7.149082730517494e-11, 6.390764761757521e-11, 6.183234906779646e-11, 5.3599573326829813e-11, 5.083846508527584e-11, 5.46497649762046e-11, 5.4112211098049903e-11, 5.179632204368927e-11, 4.634566108164902e-11, 5.1957433087064616e-11, 5.0589407152955567e-11, 5.0959132079319125e-11, 5.0345720135346895e-11]
[4.71672368375519e-11, 4.793336499088387e-11, 4.90072067375968e-11, 7.517556707019519e-11, 4.984592731567513e-11, 7.254754310932901e-11, 4.5235016563720714e-11, 4.714572990771602e-11, 4.737810034967624e-11, 7.484064405651717e-11, 4.390335131966787e-11, 4.57311786260231e-11, 5.209762484525818e-11, 5.436920667892147e-11, 7.189166445278505e-11, 7.262541609187274e-11, 6.605603300048021e-11, 7.309721227739926e-11]
[5.885011278669266e-11, 5.87317931277508e-11, 6.513086383799826e-11, 6.653574119777507e-11, 5.688327205337641e-11, 5.4887763285741625e-11, 7.101877399801767e-11, 5.987761124694545e-11, 5.495042003818447e-11, 5.935867003016356e-11, 6.736248702212975e-11, 5.2929246169339855e-11, 6.507620128820002e-11, 5.821563805492262e-11, 5.337653818898041e-11, 5.037431024325945e-11, 4.6622694678087705e-11, 4.581738710444527e-11]
[5.1924382448202965e-11, 4.988008190642746e-11, 4.713761023063263e-11, 5.085939501021746e-11, 6.689848433652034e-11, 5.5048142839900964e-11, 5.4822948879689314e-11, 6.681112193613388e-11, 6.927791742205447e-11, 6.952817694547961e-11, 6.993329712001354e-11, 7.160210300134003e-11, 6.819510691115541e-11, 7.209546770927379e-11, 7.081144617464728e-11, 7.16858555017673e-11, 7.112588347601215e-11, 7.487877897297332e-11]
[4.2428392382223525e-11, 6.965469885349833e-11, 4.17345309521007e-11, 4.589947243030141e-11, 5.712170407336738e-11, 6.686280409558193e-11, 6.884948461683927e-11, 6.913972040766488e-11, 5.420992005557064e-11, 4.655877832366481e-11, 4.846558350309818e-11, 7.285909014105532e-11, 7.295830269219797e-11, 4.282617717441455e-11, 4.583221967883569e-11, 7.439415106599896e-11, 5.391617130645747e-11, 7.383770745062516e-11]
[6.800130735532843e-11, 6.89863181179256e-11, 5.962831479464246e-11, 5.1854698465651004e-11, 6.0715153593341e-11, 6.453036068254874e-11, 5.2345876555315706e-11, 7.207320005067848e-11, 5.724365321586113e-11, 5.589870407177597e-11, 6.228038984127947e-11, 6.296049796340284e-11, 6.041524944074606e-11, 5.5737508015599136e-11, 5.965401188034481e-11, 7.274423554279525e-11, 7.527280560902801e-11, 7.809144168600052e-11]
[5.091020638210123e-11, 5.067765627278468e-11, 7.06784067502263e-11, 6.543286478174816e-11, 5.822074379195044e-11, 6.767619553156408e-11, 5.3756344954395775e-11, 5.14519269907035e-11, 7.097643429325113e-11, 5.924711007127949e-11, 6.973567324186989e-11, 7.265335779469759e-11, 5.663449015213917e-11, 5.7711943300287246e-11, 5.7578771710019266e-11, 5.521877730189854e-11, 5.293328973846168e-11, 5.837528182894487e-11]
[5.6598563843514613e-11, 5.3094692973993954e-11, 5.045318214939969e-11, 5.1229070357215233e-11, 6.784009994737696e-11, 6.804968804403906e-11, 5.3436555380508265e-11, 6.773595329710165e-11, 6.391781938060824e-11, 5.98798949628766e-11, 5.969815798809751e-11, 6.404606543131087e-11, 6.675775792723911e-11, 6.159159299442098e-11, 5.466497308157855e-11, 5.827863536237736e-11, 5.215463511404076e-11, 5.097713210779099e-11]
[5.626523617573357e-11, 6.016127136249562e-11, 7.364109722385894e-11, 6.735217744488313e-11, 6.495309563850201e-11, 5.83482129748599e-11, 6.788698171830712e-11, 6.218009352795274e-11, 5.6402378179809714e-11, 6.382484996883282e-11, 7.221903981611754e-11, 5.885822679069995e-11, 7.060685365772747e-11, 5.929557471457108e-11, 6.418380788225012e-11, 6.848603916568438e-11, 6.379483820227978e-11, 6.076270807026292e-11]
[7.28463179806609e-11, 7.25425458561163e-11, 5.4107668125285156e-11, 7.316843592353427e-11, 5.351351397085048e-11, 6.258292691569752e-11, 5.161131847344557e-11, 6.399441841670698e-11, 4.642985270201164e-11, 6.347480033850292e-11, 6.252326710785064e-11, 5.490664519664011e-11, 5.058161738820376e-11, 4.958236574753603e-11, 4.410017638302611e-11, 6.313770503012796e-11, 5.050320542086681e-11, 4.910883041815974e-11]
[7.157315888968709e-11, 6.905842604459862e-11, 6.839389611650842e-11, 6.875587804992559e-11, 7.001949278552707e-11, 6.722048736854253e-11, 7.03831663784583e-11, 7.058738532815946e-11, 6.868862471113745e-11, 6.884270955120529e-11, 7.299074821753833e-11, 6.809097296986896e-11, 6.805102072075262e-11, 7.436483095491873e-11, 6.812826559929034e-11, 6.428813652687255e-11, 6.814458890286315e-11, 7.194308677461314e-11]
[7.249193667545836e-11, 7.274903030636515e-11, 6.365128800419903e-11, 7.326153081287984e-11, 7.476610674366652e-11, 7.412796695420523e-11, 5.987160145119234e-11, 5.884046528165312e-11, 6.557158011865483e-11, 6.354865607017754e-11, 6.596405536574136e-11, 6.694880685891593e-11, 7.345737629572562e-11, 7.244917048211727e-11, 6.304372020300522e-11, 6.006856138132584e-11, 6.129874506208463e-11, 7.107031079451743e-11]
[5.368571094894604e-11, 5.5378992271038194e-11, 5.323524610611188e-11, 6.499197484704179e-11, 5.5080588006229583e-11, 5.286051221848716e-11, 7.328490928952919e-11, 5.0993669181064745e-11, 6.465357894746223e-11, 5.397858506818034e-11, 6.360752277512623e-11, 5.709273973621616e-11, 7.008564330968291e-11, 6.875514855737335e-11, 6.808793026984325e-11, 6.286790948878941e-11, 6.24026932674188e-11, 6.062062387132282e-11]
[6.45703273654168e-11, 4.852142976692751e-11, 4.576303584496441e-11, 5.2178108900861933e-11, 4.2782564670630866e-11, 6.74037422986402e-11, 5.235559120204962e-11, 4.2400070059725974e-11, 7.195702621359834e-11, 6.916098506134511e-11, 5.1682599712273364e-11, 7.157145782561851e-11, 7.227520126029639e-11, 7.27806141016894e-11, 7.218778982927658e-11, 7.087817433579115e-11, 7.114144074350418e-11, 7.476560691661883e-11]
[7.32323778184922e-11, 5.523750510702111e-11, 5.331543735131204e-11, 6.861287997388885e-11, 6.771096108736335e-11, 6.961336766619346e-11, 6.494682553304524e-11, 7.137517502213799e-11, 7.200655102883307e-11, 4.870900921747929e-11, 6.766558175543701e-11, 5.885646534789618e-11, 5.1390136155503426e-11, 4.4225471887148384e-11, 6.304270965651812e-11, 4.7075319175018085e-11, 4.952204432227801e-11, 5.133585578635159e-11]
[4.736475653578982e-11, 4.704493062602179e-11, 4.044420878167063e-11, 4.3989597599344674e-11, 5.3193806428287773e-11, 6.04771717133633e-11, 4.83833590787455e-11, 4.552210022281744e-11, 4.74734409193116e-11, 4.5633666701811075e-11, 5.471073620977595e-11, 5.056304814321691e-11, 4.6730638013343906e-11, 6.78951736651835e-11, 5.2626902221460495e-11, 6.9174186515072e-11, 6.780846282077966e-11, 6.584441919288527e-11]
[7.096031199895556e-11, 7.117173532677895e-11, 7.125482450099553e-11, 7.190022707716375e-11, 7.173496514381145e-11, 6.686002530188601e-11, 6.912630404326607e-11, 6.123271468266674e-11, 6.005453637890499e-11, 7.25543392823279e-11, 7.188052010552231e-11, 6.674334817303868e-11, 7.140942685484144e-11, 7.236466131597782e-11, 7.051342157559743e-11, 7.329122199707338e-11, 7.136189187223134e-11, 7.415101699106147e-11]
[6.983317736312553e-11, 5.487610903905791e-11, 6.007910244430501e-11, 6.950426692771563e-11, 6.738927007908714e-11, 7.496245109016551e-11, 5.792547602208793e-11, 6.986827286529689e-11, 7.507502599073052e-11, 7.055460766092188e-11, 4.874765423890924e-11, 6.745395844970291e-11, 6.376317920140761e-11, 6.608512917973936e-11, 4.400329565348919e-11, 5.17053429754436e-11, 6.53152211997353e-11, 7.253870023503262e-11]
[4.8075521826507685e-11, 5.073106508284708e-11, 5.245208800368782e-11, 5.221937763918478e-11, 5.7544700504523526e-11, 4.881978450587429e-11, 5.1183008428719087e-11, 6.591550196981736e-11, 6.428304867493037e-11, 5.8055372885883335e-11, 5.392823732122903e-11, 5.5438642484921453e-11, 5.005816785699863e-11, 5.652647226839758e-11, 5.539039023502228e-11, 5.458476562695766e-11, 6.074653094775525e-11, 5.763471620681928e-11]
[7.221922768631368e-11, 6.801790437687187e-11, 6.912217206569433e-11, 6.683511154527559e-11, 6.531361883674486e-11, 6.714605509508289e-11, 6.73713882361082e-11, 6.836785744200772e-11, 6.128926569815229e-11, 6.755600034964088e-11, 6.259978188574426e-11, 6.587840114505677e-11, 5.969541474437199e-11, 6.032739663198571e-11, 6.454797848455728e-11, 5.727815594632992e-11, 5.366014135346096e-11, 7.813289293473491e-11]
[7.832771145170963e-11, 5.739488209303326e-11, 5.1062282094905716e-11, 4.37789429983001e-11, 4.456932518075684e-11, 7.05618023050892e-11, 4.927482190898263e-11, 4.724415339047254e-11, 4.476913284761492e-11, 3.764629047864265e-11, 6.025310249649609e-11, 5.8579045039465e-11, 4.551781054499797e-11, 6.55841151376015e-11, 6.445564710296928e-11, 4.653969892811511e-11, 7.124198744764976e-11, 4.377819942990618e-11]
[7.695333675044103e-11, 4.4044601661270254e-11, 4.3573868633035754e-11, 4.585376754713675e-11, 4.713745608992239e-11, 5.747851295796074e-11, 6.733462517156451e-11, 4.9965740932248454e-11, 4.7167288819106524e-11, 4.542264324860605e-11, 4.4890321201340605e-11, 7.044087592166215e-11, 7.015531150355732e-11, 5.45803205219575e-11, 5.0118630304465365e-11, 6.237817345968949e-11, 6.957512960010267e-11, 7.132460793582891e-11]
[3.958425842911264e-11, 5.380950982359038e-11, 7.603204223781061e-11, 4.4617900941299354e-11, 4.938193982351666e-11, 4.7031647612724344e-11, 4.812819992762874e-11, 5.0516150389883805e-11, 4.796649104457179e-11, 5.852591123048218e-11, 6.812872292962895e-11, 6.98916462852141e-11, 6.161263430258899e-11, 5.963315778889407e-11, 7.415831739294402e-11, 5.646046352205392e-11, 5.383077825691765e-11, 6.124359759995256e-11]
[5.920140174631329e-11, 5.145551975258768e-11, 4.9213513709313666e-11, 4.831274776808397e-11, 7.634788916503307e-11, 5.887907183358968e-11, 6.801818058752801e-11, 7.29209819758474e-11, 7.271659335787707e-11, 6.771586267143571e-11, 4.950738723666464e-11, 5.165904599354599e-11, 4.2552208633131834e-11, 4.9176658810501784e-11, 4.660683593197059e-11, 4.959819031977476e-11, 5.569720153151252e-11, 4.598649150880285e-11]
[7.492839483286073e-11, 5.349014970921398e-11, 4.747124944943903e-11, 4.99844110459807e-11, 4.9916705981627813e-11, 4.620372123862146e-11, 7.11787898056396e-11, 6.440242749273879e-11, 4.518262935020856e-11, 3.75774661303872e-11, 6.686598853351899e-11, 4.504501155379711e-11, 7.6455234629995e-11, 6.697256290203981e-11, 6.534108991639678e-11, 5.644745023226778e-11, 5.4434899449363913e-11, 4.706965008102732e-11]
[6.571683577364747e-11, 6.767456799362766e-11, 6.090433029544843e-11, 6.005329474503277e-11, 6.81507248670398e-11, 5.607012948532083e-11, 5.515121549241514e-11, 6.565476670342355e-11, 5.584749907288196e-11, 4.9059373215573837e-11, 5.734177897602922e-11, 6.16939289596585e-11, 6.477832481518862e-11, 6.205999266078226e-11, 6.98638098140868e-11, 6.906528458419277e-11, 5.488313039463033e-11, 5.518353852983573e-11]
[3.722186569692192e-11, 6.449152419488139e-11, 3.751216077555964e-11, 5.541519436122744e-11, 5.884295262758113e-11, 7.032574974741446e-11, 4.420821343670112e-11, 5.046182160655513e-11, 5.411412122074047e-11, 5.843848508302955e-11, 6.877261348959325e-11, 4.3852604900570364e-11, 7.171466776083139e-11, 4.4566329995364236e-11, 5.550077540540322e-11, 7.452547985740542e-11, 7.030104745706036e-11, 7.422305273950302e-11]
[4.5583629296209164e-11, 4.467690755462496e-11, 4.386913416747657e-11, 4.1445196982321434e-11, 5.7963178638060776e-11, 5.2928448706874095e-11, 4.4232540056541774e-11, 4.163480675398072e-11, 4.786259837618309e-11, 7.196978066071778e-11, 6.898519647670945e-11, 6.043469610763066e-11, 7.143994148347015e-11, 7.28770285974512e-11, 5.808766473005471e-11, 5.113686051725539e-11, 7.255623538377786e-11, 5.0247807430662e-11]
[6.319757812059154e-11, 6.233742824610954e-11, 6.265735794285904e-11, 6.359358637066796e-11, 7.326106648508511e-11, 6.545483609853814e-11, 5.832105719887337e-11, 7.139326369959064e-11, 6.834030166008882e-11, 6.235205112138526e-11, 6.269411295169577e-11, 7.513441623216421e-11, 7.191225471228569e-11, 6.742463833280515e-11, 7.38045745765069e-11, 7.511598122733587e-11, 6.198090333627155e-11, 6.361923297551187e-11]
[7.375247625723432e-11, 6.952943814178156e-11, 6.250591551215306e-11, 7.45289718536755e-11, 7.09260598416043e-11, 6.67150040916436e-11, 6.413778714961193e-11, 6.348324453732256e-11, 7.37820183895873e-11, 5.2539334477779254e-11, 4.951269260142125e-11, 5.036440083109468e-11, 5.724205338245129e-11, 6.767031182291883e-11, 5.1530169799224554e-11, 5.5296446428044346e-11, 4.826572429352739e-11, 4.885711568296166e-11]
[7.627386080735504e-11, 7.48218317559636e-11, 7.824116532656346e-11, 6.727431498965277e-11, 6.112694753771753e-11, 5.801235873121358e-11, 6.770967194080528e-11, 5.898157211854207e-11, 6.01052426383868e-11, 6.156599695327386e-11, 5.939654758239512e-11, 6.445056859042061e-11, 6.408014288335263e-11, 6.665231094858453e-11, 7.862067834918006e-11, 5.7466590038350134e-11, 5.902359646311916e-11, 6.506034693485625e-11]
[6.980057469118494e-11, 7.362406172209498e-11, 7.412980256427876e-11, 6.698421399740733e-11, 7.592389365651407e-11, 7.521964361311659e-11, 6.270368756163272e-11, 5.87245204025936e-11, 6.542939649386609e-11, 6.357725076666044e-11, 6.098804377510246e-11, 5.622158814589452e-11, 6.342333601335899e-11, 6.015174912440146e-11, 6.66796768947189e-11, 6.328971347054058e-11, 6.153917141600722e-11, 6.083421353324357e-11]
[6.04371075213205e-11, 6.256414147441873e-11, 5.7744035431961906e-11, 6.164377262252809e-11, 6.475320015570115e-11, 6.297380915658573e-11, 5.926212731955005e-11, 5.257804349843648e-11, 4.962949592570986e-11, 5.69440674934891e-11, 5.974046193741986e-11, 5.4074861593550656e-11, 5.32927282872671e-11, 7.124230334310847e-11, 6.21661372241328e-11, 6.566911494218038e-11, 6.641887291036441e-11, 7.985162703374852e-11]
[7.589554257152655e-11, 7.401040740408755e-11, 6.427548231375792e-11, 5.6120060043205e-11, 4.937806297928862e-11, 5.142699877843276e-11, 4.9017268319259284e-11, 5.078132368057823e-11, 5.332939625540995e-11, 5.8144549023078024e-11, 4.504431901504878e-11, 4.85862376394583e-11, 5.161495477070214e-11, 5.7066917899630817e-11, 5.250380696986549e-11, 4.560147939455673e-11, 5.870900870476293e-11, 5.346867974401791e-11]
[6.61734528156092e-11, 7.199197071003466e-11, 7.715818977763528e-11, 6.841418562634465e-11, 6.793310829059048e-11, 6.872044009686013e-11, 6.238165911373196e-11, 6.575089602178169e-11, 7.017657291696941e-11, 5.842912389577886e-11, 6.574530206254554e-11, 7.645410240761044e-11, 5.947116219332063e-11, 5.7930626985421866e-11, 6.456695871791101e-11, 6.855965704047003e-11, 6.812584084446764e-11, 4.9648802104190084e-11]
[7.172676128996248e-11, 7.025740278426547e-11, 7.167083317944475e-11, 7.068352879465123e-11, 6.973771677253093e-11, 7.017789717893937e-11, 7.172827463775247e-11, 5.931696182124297e-11, 6.190106745844477e-11, 6.430522071032763e-11, 6.223320753320924e-11, 6.297287875161756e-11, 6.621468215857327e-11, 6.307160230635196e-11, 5.878733292149754e-11, 6.376192864237816e-11, 6.548800864634522e-11, 5.959903778153553e-11]
[4.596398820207763e-11, 5.3130982870766866e-11, 4.831246595208757e-11, 3.910702144535744e-11, 4.7293238822959336e-11, 6.694929219188829e-11, 5.0080290736059e-11, 5.7969528860175355e-11, 6.646982580769179e-11, 6.596321560972793e-11, 6.711641346568574e-11, 6.953268113156573e-11, 7.045303760686528e-11, 6.964928763081123e-11, 7.618101259864695e-11, 7.22611898129577e-11, 6.691176905446179e-11, 6.340472332132578e-11]
[6.333397589518132e-11, 6.365072096509818e-11, 6.361980680992563e-11, 6.341506855857219e-11, 6.93976931577155e-11, 6.925475201125096e-11, 6.322222425099385e-11, 7.107417876854994e-11, 5.863857213323867e-11, 7.101859473190411e-11, 6.976928687511978e-11, 6.1607230898993e-11, 6.703833602750265e-11, 6.50944723739717e-11, 6.915892160288586e-11, 6.789170242776391e-11, 7.181377312110766e-11, 6.754505187297883e-11]
[7.070034562568051e-11, 6.517970891964881e-11, 6.068428170825603e-11, 7.265754467578959e-11, 6.323217593656719e-11, 6.098912475341337e-11, 7.375062464560796e-11, 7.144043121253445e-11, 5.5300913170981124e-11, 4.586200346651958e-11, 4.685081905445829e-11, 3.9503526610919714e-11, 6.335067364683099e-11, 5.487375244507575e-11, 4.7385649033913914e-11, 4.600557470397425e-11, 3.891673765529286e-11, 6.494770684788417e-11]
[4.718679231214909e-11, 6.712615181724589e-11, 6.704842223707398e-11, 5.619685283823916e-11, 5.428926379962964e-11, 5.5163430529100634e-11, 6.293530755002034e-11, 6.556702376251324e-11, 5.959160534413481e-11, 6.899336483821802e-11, 6.922505373789643e-11, 7.211540553701844e-11, 6.96426651596673e-11, 6.889203829232844e-11, 6.738415003189489e-11, 6.483617441137711e-11, 6.785904516790585e-11, 6.811411135824372e-11]
[5.0391687306400887e-11, 5.4819322549528406e-11, 7.402304070681711e-11, 5.616795224201773e-11, 5.6136285560713445e-11, 7.199832344251808e-11, 6.829664050296073e-11, 7.287256887405931e-11, 7.448915864655979e-11, 6.819202573578387e-11, 7.267156043691564e-11, 7.307583939382807e-11, 7.21626560444042e-11, 7.029555153795026e-11, 7.036749675627244e-11, 7.039920338165176e-11, 7.08274320522325e-11, 7.229451828032979e-11]
[6.961312413005085e-11, 6.9674685566891e-11, 7.285193950886028e-11, 5.567976473035087e-11, 7.232269819413391e-11, 4.936844138732099e-11, 4.5410983123137105e-11, 5.3021966322781397e-11, 6.455027014158076e-11, 4.718975006936467e-11, 4.659539154889418e-11, 6.805103790205546e-11, 5.25860201622764e-11, 4.49632342706503e-11, 5.094216313259929e-11, 4.2021452050315916e-11, 4.5628471403364284e-11, 7.731713123737246e-11]
[7.875278650773374e-11, 7.304246395004991e-11, 7.031524986127759e-11, 7.005967487153598e-11, 6.945651198179514e-11, 6.326864978497764e-11, 6.792299523471046e-11, 6.904119464295707e-11, 7.141801517752733e-11, 5.8059678219992935e-11, 6.510841142764031e-11, 5.7908114099995325e-11, 6.839442250905746e-11, 5.6558658640126826e-11, 5.588640762014212e-11, 5.7173526386550465e-11, 5.285332043243239e-11, 4.8521788884116484e-11]
[3.895653823679856e-11, 3.567722330859493e-11, 3.5156033920207854e-11, 4.7513652832851305e-11, 4.3785941572834046e-11, 4.288542255882112e-11, 4.4952118458648235e-11, 4.686917121233841e-11, 4.87512124515341e-11, 4.280279625468612e-11, 4.6513346686030224e-11, 6.6541143854088e-11, 5.021616805218806e-11, 7.159775103958887e-11, 7.020738627734214e-11, 6.670112109510393e-11, 7.516524155533574e-11, 7.214201478577973e-11]
[6.969001706141389e-11, 6.598234200178342e-11, 7.053761267725143e-11, 6.790381106995084e-11, 6.91834642534705e-11, 6.92834043778502e-11, 6.826042414087411e-11, 7.065922947145278e-11, 7.206880184594221e-11, 7.068392020964506e-11, 7.036441224614709e-11, 7.02002197111709e-11, 7.267095567354477e-11, 6.778705878574802e-11, 7.006584708027384e-11, 7.16077077648042e-11, 7.066839764613638e-11, 7.453716125502188e-11]
[6.750912281119332e-11, 6.613877570236816e-11, 6.7178842836765e-11, 7.186986432294818e-11, 6.472116142211194e-11, 6.82504579976789e-11, 5.915875685357704e-11, 5.274404966283242e-11, 5.880093925773947e-11, 6.627040652078614e-11, 6.934383259497574e-11, 6.013278557209618e-11, 5.621861725266841e-11, 7.089460890073638e-11, 6.670263179327688e-11, 7.514201995522426e-11, 7.538172414742654e-11, 7.491068322798699e-11]
[7.195565634092967e-11, 7.652656879783534e-11, 7.026093608526033e-11, 7.21520782052117e-11, 6.570932006482071e-11, 5.5916813608011175e-11, 6.758254577225783e-11, 4.38045771946467e-11, 4.8780303920872755e-11, 4.988756576628655e-11, 6.648443204581925e-11, 5.0454585498853474e-11, 4.250458656954408e-11, 4.9201916965622726e-11, 4.540910373455389e-11, 4.5634778558933424e-11, 5.313369469269985e-11, 5.022762932341138e-11]
[7.61346926495593e-11, 6.032038393249343e-11, 7.20149174798711e-11, 6.695489842482229e-11, 6.172175656757504e-11, 7.097808818829282e-11, 6.719471427939916e-11, 6.77771337133769e-11, 7.031803574852112e-11, 7.073516456718652e-11, 5.0825253051171745e-11, 6.457690512162644e-11, 3.9670325889131145e-11, 5.0895264733500967e-11, 4.5463431334041536e-11, 4.4782427934251225e-11, 4.571822900742528e-11, 4.129056578771328e-11]
[7.161921765562789e-11, 6.269700004378232e-11, 7.070710940317867e-11, 7.195960084991923e-11, 7.251767581148738e-11, 5.203125458871816e-11, 5.822990304013145e-11, 5.951233419437887e-11, 5.08631706212641e-11, 7.387166808061417e-11, 7.205470615923272e-11, 5.481617151053131e-11, 7.180688970120367e-11, 5.161763979761299e-11, 4.765055951526986e-11, 5.759305130246474e-11, 4.657627951292518e-11, 4.519077949378697e-11]
[7.109479150239866e-11, 7.3429304482131e-11, 7.069369728818913e-11, 7.837413893816617e-11, 7.0429770066307e-11, 6.557705264742749e-11, 6.598797127195103e-11, 6.837548219931912e-11, 6.320271302022479e-11, 6.582268019143811e-11, 5.592792162137613e-11, 6.561389685741024e-11, 5.698810179369727e-11, 5.085343052696074e-11, 5.421914532427707e-11, 4.8486609023372685e-11, 4.370041567534789e-11, 4.790487855471576e-11]
[6.674390802214312e-11, 6.638764690520285e-11, 6.609237794952083e-11, 6.24897011535268e-11, 5.7243083257854567e-11, 6.034258446412705e-11, 6.235451601441603e-11, 7.359732085961725e-11, 6.098433409857872e-11, 7.362010558506622e-11, 6.709516947184122e-11, 6.34771721257397e-11, 5.318706138312478e-11, 5.4487235441133744e-11, 5.2945898258997875e-11, 5.1539582129850355e-11, 5.219660442073563e-11, 4.9701364603484976e-11]
[5.278809459202738e-11, 7.270026458333041e-11, 7.617944817631129e-11, 5.4613049601448395e-11, 5.7897750351873077e-11, 5.591280198997445e-11, 4.8907521090924836e-11, 5.891237795161728e-11, 4.9293793520759417e-11, 4.8256893408322975e-11, 4.378821823700366e-11, 7.267291533126379e-11, 4.357403842781717e-11, 4.719681826018099e-11, 4.843014790648246e-11, 4.269143974985686e-11, 3.667266548110932e-11, 3.955734962959348e-11]
[4.7293428239134794e-11, 5.3712109393337284e-11, 4.620797073075845e-11, 4.8235337462228994e-11, 4.668895492299769e-11, 7.060411351209981e-11, 7.290486203757529e-11, 3.844033261774667e-11, 4.78734713438506e-11, 5.1984664891532e-11, 4.534273202371474e-11, 6.441192127348983e-11, 7.280940264947026e-11, 6.830664006043714e-11, 7.283014686416407e-11, 7.066189059256463e-11, 7.271278161035474e-11, 7.5831522699823e-11]
[5.346945102920985e-11, 6.936644181470596e-11, 5.077163687814311e-11, 4.650064427198991e-11, 5.2638927345121865e-11, 5.4298179270037865e-11, 5.852085593787718e-11, 5.705409241379125e-11, 5.7358846809737786e-11, 6.035623700138414e-11, 7.048392323776974e-11, 6.547672366047095e-11, 6.851200680647525e-11, 6.626586888281635e-11, 7.359016965951758e-11, 6.990022192438012e-11, 6.57002474622448e-11, 7.60786869244864e-11]
[5.4199062982585495e-11, 4.885679304601507e-11, 5.047669451922266e-11, 4.1143285145923096e-11, 4.950914619748538e-11, 5.183782557628362e-11, 5.333762668987857e-11, 4.768266296122173e-11, 6.473691791677762e-11, 5.30404003955458e-11, 6.310330517795093e-11, 6.066366462238198e-11, 5.4086546347112276e-11, 5.399518544319774e-11, 5.944079730927023e-11, 5.986161434691255e-11, 6.283214606179226e-11, 7.150337064986972e-11]
[7.270539485765947e-11, 6.590800600339125e-11, 7.153719977055167e-11, 7.413664947092396e-11, 7.150539914832965e-11, 5.927124288316108e-11, 6.534021254338514e-11, 7.53736323006312e-11, 6.153508220564328e-11, 6.700950356317309e-11, 7.499515722510878e-11, 4.822964790067449e-11, 5.071241807108954e-11, 3.8413634800836995e-11, 3.871705237178624e-11, 4.688650386953443e-11, 4.317867727846908e-11, 4.8339417791356355e-11]
[4.9853096522206344e-11, 5.222242256065071e-11, 5.3776510396458816e-11, 7.072404530098562e-11, 6.41176017361186e-11, 6.641557854365798e-11, 5.971924731765904e-11, 6.984059318947451e-11, 7.06291645001131e-11, 5.695406430385932e-11, 6.08065277487609e-11, 6.676777283151503e-11, 6.990036019488037e-11, 6.686586908581478e-11, 7.221760074032989e-11, 7.28977224724477e-11, 7.26009818772035e-11, 7.248359140063037e-11]
[7.443699058754432e-11, 6.85899871405476e-11, 6.862852813596253e-11, 6.458692287256849e-11, 7.017289751391823e-11, 7.018244648339333e-11, 6.60135070073864e-11, 5.883026554228109e-11, 6.169633042686546e-11, 7.036473817830776e-11, 6.457167610798217e-11, 6.672879574826471e-11, 7.248638485329877e-11, 7.180992113206955e-11, 6.125372902235702e-11, 6.474262547974076e-11, 7.435690955829325e-11, 6.443803996346384e-11]
[7.61274725443736e-11, 6.855573691852277e-11, 6.708794694125849e-11, 6.967698010619796e-11, 7.115873881634255e-11, 6.534245072766513e-11, 7.283484457642983e-11, 6.892789855973314e-11, 5.480696577733505e-11, 5.3618126702487415e-11, 5.0783955249222765e-11, 5.519986571118796e-11, 5.3560787000850706e-11, 6.415562195486566e-11, 5.337115523755371e-11, 4.686890035285949e-11, 4.222683320763393e-11, 6.209630240094398e-11]
[6.816283919898872e-11, 6.765708144051004e-11, 5.770922225942092e-11, 5.369224279551052e-11, 6.236716320109918e-11, 5.895548189433137e-11, 5.393731473095461e-11, 6.090292123354688e-11, 7.22470911940732e-11, 5.995019392255759e-11, 6.242170051484995e-11, 6.961192049101323e-11, 7.173875963826694e-11, 7.117137911934464e-11, 7.108792176381994e-11, 7.087594393989084e-11, 7.535414624247044e-11, 7.215286328959763e-11]
[6.84319537974704e-11, 6.484357283380549e-11, 6.530123813440959e-11, 6.089729830024226e-11, 5.471273037885528e-11, 5.1479691634349905e-11, 4.374272197185958e-11, 4.5559178227235845e-11, 4.4640955491022356e-11, 4.460450554766938e-11, 4.341075485832842e-11, 4.691552462646665e-11, 5.176151904983444e-11, 7.595832881273454e-11, 5.124510286601219e-11, 5.6459151865157514e-11, 5.8070772122784305e-11, 6.760986610138903e-11]
[6.100010107564017e-11, 5.0189598216113825e-11, 5.382728780586927e-11, 5.375207639498718e-11, 6.131764695987618e-11, 5.0504595230810316e-11, 5.180546667499435e-11, 5.896010444446104e-11, 5.1980154686765304e-11, 4.9051943141006104e-11, 5.707410571553573e-11, 5.369230264145113e-11, 5.963610153345266e-11, 6.558015335828725e-11, 5.295939013373939e-11, 5.4056515663537336e-11, 5.421128381161768e-11, 6.56859175245092e-11]
[7.150664999991355e-11, 6.988695948698904e-11, 5.7388254133785797e-11, 6.5316950555722e-11, 5.7575538510722984e-11, 4.7136837183087066e-11, 5.331203924951522e-11, 5.976581840079772e-11, 5.583137995257901e-11, 6.996779961268701e-11, 5.3709251590701923e-11, 6.194201570664784e-11, 6.841664236476872e-11, 5.4198613828766096e-11, 6.316940168794613e-11, 5.516955225762856e-11, 5.022827011790987e-11, 6.930204533671674e-11]
[7.233735356436939e-11, 7.390485709554241e-11, 6.006469447087428e-11, 6.182078724526772e-11, 7.228614207289007e-11, 6.104131495357486e-11, 5.3035586386582274e-11, 5.856065389732497e-11, 5.6884254581825015e-11, 6.716016969244285e-11, 5.363529602702932e-11, 5.5935991934433034e-11, 4.834493842522937e-11, 4.5566411704100273e-11, 4.7025523619053e-11, 5.069287016252112e-11, 4.904944501173764e-11, 4.1406222066732485e-11]
[4.3793806845173346e-11, 4.44053820979094e-11, 4.8929151480725326e-11, 5.113199458635061e-11, 5.929838411206157e-11, 5.872795666138828e-11, 6.551949312215764e-11, 6.043890866440104e-11, 5.1906769915764335e-11, 5.464629748836294e-11, 5.940328165345294e-11, 6.155387929308134e-11, 5.3982598613436235e-11, 6.594147205691936e-11, 5.547201816738552e-11, 5.1568851729685e-11, 6.929932146564076e-11, 5.5054259053602056e-11]
