[4.085737419447163e-11, 4.715840281463297e-11, 6.988555021685767e-11, 5.366324603785164e-11, 5.10527559878515e-11, 5.082512902626714e-11, 5.1123949260387796e-11, 7.006781913337207e-11, 5.7599818189920266e-11, 6.35151853272853e-11, 5.2305717137768884e-11, 5.388948663516243e-11, 6.795279067993752e-11, 6.60835096011464e-11, 7.07628033942086e-11, 5.7517802075686926e-11, 6.392652424720453e-11, 6.303471946955686e-11, 6.518099786766741e-11, 7.259492171161134e-11, 6.347619110999503e-11, 6.20393838200315e-11, 6.498520676635319e-11, 6.717038110050251e-11]
[6.609042301648101e-11, 7.589357502944856e-11, 5.6285237156364986e-11, 5.376213127324563e-11, 6.67732690631743e-11, 5.813317249303223e-11, 5.4560853535476415e-11, 6.375243468616009e-11, 6.634212619194174e-11, 6.510028001028657e-11, 5.948007960937434e-11, 6.222805999053507e-11, 6.586931123604534e-11, 6.550908030841529e-11, 7.165159047821276e-11, 5.966608832195094e-11, 5.182220060493696e-11, 5.229209468660826e-11, 5.177258125504709e-11, 5.657403217236178e-11, 6.589311888040112e-11, 4.67905969213221e-11, 4.8362730372635244e-11, 4.894357925101287e-11]
[6.125906265759335e-11, 5.166066959261968e-11, 7.407185470659958e-11, 6.488363208472837e-11, 5.704244419853134e-11, 5.259617988127777e-11, 4.9688639915624503e-11, 5.1293138243933146e-11, 7.249115822759682e-11, 5.4346591552627336e-11, 4.988529490272735e-11, 4.7366195624295504e-11, 4.71969818787414e-11, 4.8586082336864274e-11, 5.010292763995259e-11, 7.177307313286287e-11, 6.943662235403751e-11, 6.452812368760786e-11, 4.460410000623561e-11, 7.236108556760923e-11, 6.396909321286718e-11, 5.362455430966193e-11, 4.864985381583949e-11, 4.394272551321281e-11]
[5.7715504363253566e-11, 5.772662638375196e-11, 4.093289222390732e-11, 3.520150562043483e-11, 4.982682151463404e-11, 4.380262696001172e-11, 4.464174816771333e-11, 5.608518894810138e-11, 4.294399993105745e-11, 4.4613250369325445e-11, 4.275998163425053e-11, 4.640961922859555e-11, 5.299189305475524e-11, 5.513636415352438e-11, 4.8253161614122426e-11, 4.2687603506002914e-11, 7.068922113462164e-11, 4.523049860760765e-11, 5.2835745006806896e-11, 4.201543041640867e-11, 7.55967771794796e-11, 4.603602559852714e-11, 4.1883606972891924e-11, 3.78058573301487e-11]
[7.568526932503832e-11, 7.53009924931523e-11, 7.84743580742957e-11, 7.205540732905627e-11, 7.042815015947715e-11, 7.189882015991278e-11, 6.946714212415579e-11, 5.985801007940579e-11, 7.170105596390032e-11, 5.7319878124004736e-11, 5.466390214465784e-11, 6.698206553166827e-11, 6.946411831301292e-11, 6.016989279801576e-11, 5.76105204270878e-11, 6.047703720991582e-11, 6.303514503876448e-11, 5.882086370242007e-11, 6.433496021323135e-11, 5.2691492891080654e-11, 6.31416727961763e-11, 6.620346974856349e-11, 5.98923831979088e-11, 5.706837189476767e-11]
[6.835236428293174e-11, 7.121300182754877e-11, 7.068910955790897e-11, 7.132888891554174e-11, 7.403652506892316e-11, 6.642808809637197e-11, 7.265856654839523e-11, 7.169738469405159e-11, 7.132914240889451e-11, 7.135326400349855e-11, 7.07085415391675e-11, 5.975663299681198e-11, 6.528930122606578e-11, 7.081769257438674e-11, 6.742876192170893e-11, 6.645586020993408e-11, 6.516027692283152e-11, 7.056548415981738e-11, 7.249338821882842e-11, 7.025124783302022e-11, 7.313889149388243e-11, 6.697434214274777e-11, 5.935305472896614e-11, 6.76975545313528e-11]
[4.837872079215346e-11, 5.639914344436091e-11, 5.3091910987528765e-11, 4.6507818689841376e-11, 5.648096572080582e-11, 6.721934387739496e-11, 6.836908075065471e-11, 6.889202619837155e-11, 5.177944479348338e-11, 6.760773265552886e-11, 4.783363794827501e-11, 4.8550104787884633e-11, 7.012341436043209e-11, 7.036463777049467e-11, 4.5434537471939226e-11, 4.6751751103790645e-11, 6.484416205214778e-11, 4.711090818657494e-11, 6.670781894751634e-11, 6.072818983606981e-11, 5.0023166415161824e-11, 3.975209935715792e-11, 3.8676148845494716e-11, 4.6036990948531134e-11]
[6.730755702265373e-11, 5.2933157284203133e-11, 5.4381891141741556e-11, 6.90535760244499e-11, 6.295584223571225e-11, 5.4674102986656756e-11, 4.9010024010399045e-11, 4.201891810272535e-11, 7.02166887530734e-11, 6.437954010058362e-11, 6.096129297264453e-11, 4.762675068776198e-11, 3.890975342493819e-11, 6.827672515376465e-11, 6.868405448697502e-11, 6.6853555416855e-11, 6.636757287479067e-11, 4.853892434781017e-11, 6.877099954709624e-11, 6.761255816047735e-11, 6.638152929266589e-11, 4.514367908626477e-11, 4.8862960335901783e-11, 3.9735230333362494e-11]
[6.869705740190729e-11, 7.026659883521358e-11, 6.889377477783354e-11, 4.0243924192392535e-11, 7.034815635457491e-11, 7.167763184768362e-11, 7.15740130046414e-11, 6.189670266240185e-11, 5.96805698629939e-11, 7.034571621715797e-11, 6.429111736500763e-11, 6.966604778231867e-11, 6.797158971182658e-11, 6.979343724226581e-11, 5.4291368730417285e-11, 6.11220553360421e-11, 6.925828170254022e-11, 6.937637252856908e-11, 6.767601948158854e-11, 5.4789964879870135e-11, 6.882677532394413e-11, 6.89523582299742e-11, 6.760542119773531e-11, 6.632035189087309e-11]
[5.7289521674422925e-11, 4.871625216944171e-11, 5.112936137536128e-11, 3.8756939283981794e-11, 5.967853209104653e-11, 6.795850233004966e-11, 5.4385743763845814e-11, 5.389826592561681e-11, 3.703216028120964e-11, 5.627743283553644e-11, 4.662575132921246e-11, 4.680637089493871e-11, 4.2971708225041496e-11, 6.197015837863984e-11, 7.157642474227548e-11, 4.270510231658002e-11, 4.3583850481306755e-11, 6.825695830878743e-11, 6.987610327578926e-11, 4.903788330013505e-11, 4.699791080660568e-11, 5.664286151056685e-11, 6.930724035734228e-11, 6.681111737028362e-11]
[4.212590811827795e-11, 3.764893096233206e-11, 4.432734837126253e-11, 6.318428656603679e-11, 5.0522741801593166e-11, 5.2213076248284037e-11, 6.639652655465086e-11, 6.371613675313906e-11, 5.7824358862248304e-11, 4.604514754501699e-11, 4.393701684478682e-11, 5.4715557141202826e-11, 5.69244466508936e-11, 6.974108810095034e-11, 7.069099322332119e-11, 5.388020099980397e-11, 7.008956953547396e-11, 5.6896896796705595e-11, 5.021103137827099e-11, 7.232411954052627e-11, 7.148555789993971e-11, 7.154084816744135e-11, 6.790795214783616e-11, 4.748131539307336e-11]
[7.433123918891399e-11, 7.384880703454592e-11, 6.543056009366883e-11, 7.185366463851988e-11, 7.536545872461129e-11, 6.659401001962608e-11, 7.175761969742592e-11, 7.222080905843392e-11, 6.805009156245688e-11, 6.716613126039787e-11, 6.617467814981063e-11, 6.832311591613162e-11, 6.720090478077691e-11, 6.882566637608944e-11, 6.82066126511985e-11, 6.73149164442371e-11, 6.975619257304066e-11, 6.745701281294012e-11, 6.973702525279205e-11, 6.763931439853777e-11, 6.29797467434904e-11, 5.629553259044749e-11, 6.108491041674719e-11, 7.011040117771552e-11]
[7.212085348862054e-11, 6.691340277873151e-11, 5.5803357066351966e-11, 7.142726922303047e-11, 7.327764181831181e-11, 6.210806289585002e-11, 6.19270082341095e-11, 7.1869092645503e-11, 5.5847946152669536e-11, 6.20198866070867e-11, 6.862745778645427e-11, 7.353224024720005e-11, 7.443269730869308e-11, 5.6446001350291494e-11, 5.875910868965703e-11, 6.480385618304633e-11, 6.578940892954965e-11, 5.76323666693222e-11, 6.429726861106702e-11, 6.734150587141352e-11, 6.677992219301604e-11, 6.461811571515935e-11, 6.279114285074988e-11, 5.727226426862147e-11]
[3.663588838463557e-11, 4.639613597324773e-11, 5.324273253874412e-11, 5.044487255849704e-11, 3.531937057022738e-11, 4.302262705994343e-11, 3.6446275281109055e-11, 4.363654542542907e-11, 5.076371212672512e-11, 5.837479041109165e-11, 4.557338334760484e-11, 4.225282160783804e-11, 4.337596562871319e-11, 5.2290142150986536e-11, 5.777405111809678e-11, 6.97465826811873e-11, 6.775045317090703e-11, 6.973943079309293e-11, 6.16064044309224e-11, 7.23810175471651e-11, 5.9733361439357e-11, 7.210815784607278e-11, 7.579000351316759e-11, 7.445028077929947e-11]
[5.179872204387628e-11, 5.423253662103231e-11, 7.050483785755555e-11, 7.037252896662328e-11, 5.4538678121987407e-11, 5.7100714926172374e-11, 6.650758141403535e-11, 6.961690404129797e-11, 7.035780583925778e-11, 6.666552146762485e-11, 6.841348068922802e-11, 7.26420931833197e-11, 7.02942561735823e-11, 7.079525350707576e-11, 6.554672924464686e-11, 6.60438850676226e-11, 7.187584970716669e-11, 6.596892362956962e-11, 5.805487940535444e-11, 5.976396464468234e-11, 7.276573261250905e-11, 7.052772320983871e-11, 5.315830639402364e-11, 5.134864722376794e-11]
[4.5411697297429525e-11, 4.232665605823115e-11, 4.301232604272448e-11, 4.814296257720015e-11, 4.6977992960632065e-11, 4.431899731100387e-11, 5.441760712827383e-11, 5.5555894346051553e-11, 4.884704964326057e-11, 4.096584328518055e-11, 6.086587743807025e-11, 6.451600460101676e-11, 5.468902430300948e-11, 5.130471354467356e-11, 5.052224477434479e-11, 7.075947998012772e-11, 6.200837318674387e-11, 6.731682020751434e-11, 6.749727342316683e-11, 6.50603663895621e-11, 6.404393671108962e-11, 6.624924683697245e-11, 6.68037595758222e-11, 6.558300154507457e-11]
[3.611954907270725e-11, 3.812807667052306e-11, 3.986800580042035e-11, 4.320622817884295e-11, 5.444521925485676e-11, 4.8130055134708455e-11, 4.917268977673586e-11, 4.292692504618835e-11, 5.454104261105283e-11, 5.5218144022576304e-11, 5.30929507395286e-11, 6.371125194275293e-11, 5.961229061053385e-11, 6.080132791737969e-11, 5.339266724388224e-11, 7.10621608900153e-11, 5.960445975914659e-11, 6.644586801246586e-11, 5.982056674199941e-11, 7.000556394264326e-11, 6.554859971407338e-11, 7.223241986561496e-11, 6.800286850558551e-11, 6.760880208029966e-11]
[7.259507617436037e-11, 7.061279021608983e-11, 7.23970804884034e-11, 7.018947633962183e-11, 7.07302948262726e-11, 7.084210334637397e-11, 7.251551791608935e-11, 7.170670758136989e-11, 6.586219617055467e-11, 6.828282884201418e-11, 7.0482496454563e-11, 6.931685518193048e-11, 6.626710687490767e-11, 7.154807581079758e-11, 6.22067322041385e-11, 5.9185076935994e-11, 6.498883655816634e-11, 6.133318768837445e-11, 6.075046589938875e-11, 6.680696764247954e-11, 6.778435038558865e-11, 5.964481147188475e-11, 6.92953469799174e-11, 6.774187942386496e-11]
[3.956819514962066e-11, 5.4555290180492295e-11, 4.81170932408557e-11, 5.6416238582054935e-11, 6.930388057214514e-11, 4.590999806904657e-11, 4.608547443655225e-11, 4.55128102976323e-11, 5.421053681704582e-11, 5.3429029645386404e-11, 4.2530654028049724e-11, 4.559045435469859e-11, 4.8208330057375463e-11, 4.155468129543908e-11, 5.1641747537069265e-11, 6.203021005354161e-11, 4.712116007247287e-11, 4.803913739566067e-11, 7.050282579542413e-11, 5.930422677138092e-11, 5.1277774787782094e-11, 6.83861897187648e-11, 6.449920868644868e-11, 5.146554400012835e-11]
[6.188565671569165e-11, 5.237767083094653e-11, 5.001436040776048e-11, 5.3685904812017175e-11, 5.233648095323309e-11, 5.827153665119361e-11, 4.49428744290155e-11, 4.346078269119608e-11, 7.143044684340284e-11, 5.435763666860861e-11, 5.181973856450246e-11, 4.5452942613880105e-11, 4.756090050917198e-11, 7.006633364624719e-11, 6.47929413370296e-11, 5.2624663202494646e-11, 6.3116371344762e-11, 7.168109288347948e-11, 6.032502511764843e-11, 6.44592768732877e-11, 6.057127435296209e-11, 6.617529031338936e-11, 6.887923463362234e-11, 5.785678443704437e-11]
[7.194123415196282e-11, 6.473330181370428e-11, 5.5206574519424636e-11, 5.8073503043710833e-11, 6.779921500013061e-11, 5.7881932259147086e-11, 7.030679044565178e-11, 5.6054651470635014e-11, 5.092463580929393e-11, 4.9552857573634543e-11, 5.775097110261214e-11, 6.50238755079342e-11, 5.38032331767898e-11, 4.9151531773547105e-11, 5.89692692192353e-11, 5.252378561677686e-11, 4.6063905738331055e-11, 4.7802178140795946e-11, 4.747169806913888e-11, 3.7509277029063473e-11, 3.767495811961039e-11, 4.0287046893509374e-11, 4.0212855048106766e-11, 4.833701442683185e-11]
[6.335940197923277e-11, 6.327860070527799e-11, 5.1999777681233416e-11, 4.8737832489502326e-11, 4.686517040194646e-11, 6.57370389997751e-11, 5.3254360443326377e-11, 5.51154410456366e-11, 5.562409192055842e-11, 6.492373259218916e-11, 5.8930300288832e-11, 5.703616283919805e-11, 4.595017276478595e-11, 5.704621825997259e-11, 7.128561715490184e-11, 4.2937566479386275e-11, 5.001042700961409e-11, 4.834849673054659e-11, 6.979685862377508e-11, 4.7619811770464625e-11, 4.369843052183798e-11, 4.4589653159438964e-11, 6.799938510618747e-11, 7.319619283761414e-11]
[5.431399516863268e-11, 4.834585247976649e-11, 4.7271986670542756e-11, 7.01784859727087e-11, 6.906109157105327e-11, 6.36924795132823e-11, 4.988786738652914e-11, 5.17170870177705e-11, 5.070281217958297e-11, 4.856293222304426e-11, 6.004694906758657e-11, 6.353774259187741e-11, 7.139210298153674e-11, 6.065786124551459e-11, 6.01275920899605e-11, 5.690653839024497e-11, 5.385419206335464e-11, 6.632475787424954e-11, 6.536315362204627e-11, 4.938524375579307e-11, 4.819098704601255e-11, 5.827257878445934e-11, 7.012510554959187e-11, 6.827544125360257e-11]
[4.098971720391802e-11, 4.1412951514954666e-11, 5.965641607462025e-11, 5.910092618999689e-11, 6.541298250661943e-11, 6.750933979841699e-11, 4.981147608171544e-11, 5.190499869794678e-11, 6.516319383670189e-11, 4.6510494702749885e-11, 5.07199641987305e-11, 6.74592314089573e-11, 6.822385770530557e-11, 5.991195771835521e-11, 4.459009983687624e-11, 4.953507346337994e-11, 6.987033213474653e-11, 5.726395725937829e-11, 7.027193494456465e-11, 6.912501651854474e-11, 6.94335582802087e-11, 7.698342897935352e-11, 7.032935535656737e-11, 6.673088234814817e-11]
[7.615602664005596e-11, 7.699581981604216e-11, 5.876674936586281e-11, 7.245743302602884e-11, 7.302610945533394e-11, 5.4562333783006266e-11, 5.480228070352264e-11, 5.563785484394146e-11, 5.992357488219185e-11, 6.03518660556718e-11, 5.035501725484482e-11, 7.017913065422173e-11, 6.228414163611386e-11, 5.973403420220465e-11, 4.6660907094415756e-11, 5.006605690909235e-11, 5.7516287558262736e-11, 3.914313057875446e-11, 3.9072209197286934e-11, 5.045212365959383e-11, 5.024026560761252e-11, 5.560412975145946e-11, 5.3397107772281264e-11, 5.0273436896004855e-11]
[7.21530184739584e-11, 7.10181596569864e-11, 7.14611935100917e-11, 7.081756650862489e-11, 7.538537427564844e-11, 6.830300240116424e-11, 7.145810617828565e-11, 6.807722061852863e-11, 6.752382123162391e-11, 7.058502620811917e-11, 4.952966753716394e-11, 4.775586228754201e-11, 6.880780622008067e-11, 6.9777635503824e-11, 5.581578543593921e-11, 4.375900497544252e-11, 4.2261828123038315e-11, 5.2390699242302536e-11, 6.47455319666239e-11, 5.177243048982966e-11, 4.479956219042806e-11, 4.575910934131363e-11, 5.5219348185670675e-11, 5.698553750751459e-11]
[-1, -1, -1, -1, -1, -1, -1, -1, -1, -1, -1, -1, -1, -1, -1, -1, -1, -1, -1, -1, -1, -1, -1, -1]
[6.033792991477491e-11, 5.175168117385939e-11, 6.133909919036277e-11, 6.452386549229869e-11, 6.87978231234248e-11, 5.031802361680723e-11, 4.938125374395858e-11, 6.71277044129615e-11, 6.439412233230175e-11, 6.480492343404464e-11, 5.071382676312014e-11, 4.5145181754308874e-11, 6.234732675539152e-11, 6.404750229576682e-11, 5.88303514114905e-11, 3.887237829109118e-11, 4.519494901370337e-11, 4.692062407091556e-11, 4.815666589733863e-11, 5.025605823584461e-11, 4.322816104681232e-11, 4.536148174151292e-11, 4.050330549130695e-11, 3.7747510832694246e-11]
[3.924920097878546e-11, 3.9633907625906324e-11, 3.773677570076716e-11, 3.9410954985512175e-11, 5.1496974209782685e-11, 4.428487716185589e-11, 4.673794076884244e-11, 4.9433226511052e-11, 5.579188618055336e-11, 6.714847778624668e-11, 6.850431413617663e-11, 5.204246531613324e-11, 5.6701387174967125e-11, 6.414885805171503e-11, 6.032206121461436e-11, 7.102631145175437e-11, 6.966169622561698e-11, 7.092887898850241e-11, 7.061124576124009e-11, 7.233420485102225e-11, 6.93103354405285e-11, 6.924049689865923e-11, 7.063215380611271e-11, 7.947118892477614e-11]
[7.47081015173953e-11, 7.309018647493208e-11, 6.692564060387864e-11, 6.021695675037451e-11, 7.264156551477078e-11, 6.136222933714206e-11, 6.523467508233443e-11, 6.723690744359717e-11, 7.427904553454034e-11, 7.126097207952476e-11, 6.308424123339851e-11, 5.8118747813233994e-11, 6.394987230900495e-11, 6.677890022332415e-11, 7.11801552986602e-11, 7.124665488771288e-11, 7.120474963970526e-11, 7.056219257919697e-11, 6.975231043786625e-11, 6.814582991482383e-11, 6.430198625957603e-11, 7.276614661194487e-11, 7.354323264502417e-11, 6.813719789816547e-11]
[6.717915377262905e-11, 3.6943935577823166e-11, 3.650917781318339e-11, 6.900041128974053e-11, 6.395742280448151e-11, 4.843837781459208e-11, 4.096880124709055e-11, 4.547218647256589e-11, 4.288745060494231e-11, 6.797338281005769e-11, 6.926016047359849e-11, 3.801904322551115e-11, 4.2085997187592636e-11, 3.9120886866472536e-11, 6.043421664675756e-11, 5.0645232410514185e-11, 4.151961650469458e-11, 4.901268278837891e-11, 5.890622146339323e-11, 7.422769299021677e-11, 6.805371106236264e-11, 6.185788202015666e-11, 5.64389300960634e-11, 5.916675576113933e-11]
[5.99616034056759e-11, 5.316706571049016e-11, 6.951326988558634e-11, 7.42905608686798e-11, 5.5850616498533186e-11, 5.7225001399871906e-11, 5.533601098416409e-11, 5.5672238618216766e-11, 6.535121727202064e-11, 6.542265224603951e-11, 5.757135654646588e-11, 7.076871158394723e-11, 7.382449214695746e-11, 5.50734459271039e-11, 5.89785600524624e-11, 5.8151294548394074e-11, 5.3617317856144206e-11, 7.334487888629794e-11, 5.6232583848588894e-11, 5.832697274862554e-11, 6.90079686078462e-11, 6.983347233870728e-11, 7.169379563882865e-11, 7.173937641071015e-11]
[3.626577922502771e-11, 3.9571349519685825e-11, 4.475911516774724e-11, 7.020209096660203e-11, 4.672840242930967e-11, 4.5184611903268187e-11, 4.863698987727791e-11, 5.4952857682019504e-11, 4.4861073103744895e-11, 5.4975746388616225e-11, 6.828400938013549e-11, 4.4322972478489067e-11, 5.033098035413753e-11, 5.1712523261544193e-11, 5.197467322324555e-11, 5.868167377142081e-11, 5.723792140684002e-11, 5.444588685332891e-11, 4.983175816192978e-11, 5.1883301835374494e-11, 7.174109119400012e-11, 6.4017185260594e-11, 5.289896995731648e-11, 6.38805508335573e-11]
[7.003905856507016e-11, 6.949662824211658e-11, 5.154553801251974e-11, 7.019661138125176e-11, 7.094988721405412e-11, 4.778404391567644e-11, 4.205130785742997e-11, 5.587050438836441e-11, 4.423904932294733e-11, 4.6025972278923244e-11, 4.222585003638612e-11, 5.3823904628098156e-11, 7.387248826361782e-11, 5.046691592956329e-11, 5.236337854417212e-11, 5.844204581023653e-11, 6.558485617197623e-11, 5.679577819485701e-11, 6.154380188360415e-11, 5.915400733323468e-11, 5.360727281409632e-11, 5.6683591443948316e-11, 5.808068751753664e-11, 5.3859250364605416e-11]
[7.289056735212083e-11, 6.738480468236385e-11, 6.739355729512216e-11, 6.747772815117879e-11, 6.901358698518108e-11, 7.030584186635525e-11, 6.539213117026033e-11, 7.152556819424842e-11, 6.873161226657127e-11, 6.90584127686105e-11, 5.664589830284387e-11, 5.99945257058458e-11, 6.873401947373255e-11, 6.314386744461205e-11, 5.417092434236139e-11, 5.7599548587610875e-11, 6.655654132201871e-11, 6.874010147950903e-11, 6.823462547919168e-11, 6.7908868313952e-11, 6.972163328195388e-11, 6.88743851186994e-11, 7.201873882509118e-11, 7.212699695140966e-11]
[6.868037669854237e-11, 6.951149722005242e-11, 6.87219607906357e-11, 6.865924785851669e-11, 7.027944709776309e-11, 7.184495576921837e-11, 6.802139914623429e-11, 5.871769823869141e-11, 6.927437404986755e-11, 5.1594118211538e-11, 4.621408088787346e-11, 5.949450189164616e-11, 5.130575971036924e-11, 5.260123981741514e-11, 4.972153960154029e-11, 4.803141397345503e-11, 5.371516257366509e-11, 5.100919738773472e-11, 3.714922362792945e-11, 4.297506526998564e-11, 4.4681043630513926e-11, 4.094654438398005e-11, 4.618541249050904e-11, 4.809878229327957e-11]
[5.042454539588269e-11, 5.142036487068005e-11, 7.039584915182486e-11, 5.839941038753048e-11, 6.935218822372645e-11, 6.914401542842267e-11, 7.000557244265697e-11, 4.471882713882055e-11, 6.629891302400038e-11, 6.849425536307423e-11, 7.159113098132139e-11, 3.785819359490069e-11, 4.715514949673759e-11, 5.104299532818751e-11, 6.588376159880974e-11, 7.139760715346876e-11, 3.672615945709391e-11, 4.921939162920923e-11, 5.7055455777841565e-11, 7.072901495251995e-11, 3.8590909949189476e-11, 5.42357357534663e-11, 6.881313493555789e-11, 7.02676990745254e-11]
[6.574557126273392e-11, 5.6180123150824216e-11, 6.10014625715084e-11, 6.015607977729757e-11, 5.945096348131998e-11, 6.542199215747535e-11, 6.586079668839037e-11, 6.87041874106291e-11, 6.27259896837525e-11, 5.6083540407135955e-11, 5.455586716730032e-11, 6.043916794089571e-11, 6.023765862820858e-11, 5.920187087996245e-11, 7.265713415037541e-11, 7.211074767484644e-11, 7.220829133514134e-11, 7.218921510553154e-11, 7.079735651793506e-11, 7.226711840221804e-11, 7.140193857495061e-11, 7.18615679600642e-11, 7.524702642738204e-11, 7.488987707078793e-11]
[7.105372291184474e-11, 7.213038747734269e-11, 7.386942997924672e-11, 6.334065399608958e-11, 7.125318901370584e-11, 6.634328876118814e-11, 6.275943296117062e-11, 5.388237979014844e-11, 5.425402025373192e-11, 6.914583772021203e-11, 5.070800567820678e-11, 4.766761948163663e-11, 4.17208488645481e-11, 4.213616669855067e-11, 6.841047723533456e-11, 4.2860670436992803e-11, 3.8841611292716075e-11, 4.509229674598378e-11, 4.876108532086232e-11, 6.434849300897706e-11, 7.24964322037381e-11, 4.552665779715702e-11, 4.499251108364034e-11, 4.825574299656712e-11]
[7.073776621342576e-11, 6.329775252464854e-11, 6.080093786483226e-11, 5.828513806626349e-11, 7.202883415768418e-11, 6.96264600074202e-11, 6.886314436238821e-11, 4.2154165224032574e-11, 7.026245545325151e-11, 7.146817511116796e-11, 7.041055541470096e-11, 4.013012164188105e-11, 7.15581680148309e-11, 7.184397825885852e-11, 7.029710780793522e-11, 4.463676943156636e-11, 7.068050254894712e-11, 6.07213509650937e-11, 4.776194528707723e-11, 4.1161198093912603e-11, 7.76297024809445e-11, 6.862861099682963e-11, 6.617979775278187e-11, 3.981452754067739e-11]
[4.915300291490618e-11, 5.571949464856406e-11, 5.298610233525827e-11, 4.809324704660437e-11, 3.7658568853669175e-11, 5.396026192219337e-11, 5.621058948862094e-11, 6.075668215847031e-11, 5.3803307157123184e-11, 5.2886988604319057e-11, 5.971093911584109e-11, 5.526852242031246e-11, 4.876449345299314e-11, 5.595019427178865e-11, 7.006589663585869e-11, 6.81032187079054e-11, 6.662731819014031e-11, 6.030283581860302e-11, 5.625904866510017e-11, 6.905230547557741e-11, 7.100964794324479e-11, 6.443105675508531e-11, 6.994020114307086e-11, 6.859277423532574e-11]
[3.7060916255282624e-11, 3.63332433659985e-11, 3.913324276037161e-11, 4.3162955257426803e-11, 4.089978227501541e-11, 5.027778936365545e-11, 4.797905839334156e-11, 4.871503137442778e-11, 4.684800280561056e-11, 5.589006337484766e-11, 6.561893370699163e-11, 6.219739869578861e-11, 5.295242183256607e-11, 4.850258853702563e-11, 5.758145113792865e-11, 6.721833091264912e-11, 6.283913286171728e-11, 6.825217394980309e-11, 6.678736116931042e-11, 6.990946799530548e-11, 6.505413942682234e-11, 7.410346906659149e-11, 6.84682235748657e-11, 6.931414126103845e-11]
[6.983986669339426e-11, 7.061827583478193e-11, 6.995465906391826e-11, 7.386552992540035e-11, 6.771437173672125e-11, 7.078768238968892e-11, 6.370030026543474e-11, 6.651757636942124e-11, 6.81694477200604e-11, 5.417118859088053e-11, 4.8129199310646085e-11, 5.10821812079341e-11, 6.692909426909521e-11, 6.758343855906105e-11, 4.378763601900929e-11, 5.051118324325868e-11, 4.260978999970437e-11, 4.199615456761248e-11, 6.644530128784042e-11, 4.172637433135091e-11, 4.169620962504686e-11, 4.260775452334423e-11, 4.028037736607993e-11, 6.765781794806946e-11]
[3.7587309278247066e-11, 6.505178702891957e-11, 7.325713002076064e-11, 3.974500080084794e-11, 4.937573633930312e-11, 6.543833859741352e-11, 6.348095939169933e-11, 7.145853898508383e-11, 5.07884460270174e-11, 4.9117754282416525e-11, 5.96956969732447e-11, 5.844586795848694e-11, 6.542812975446752e-11, 4.700315025923904e-11, 5.1703858831369776e-11, 6.675235626957654e-11, 7.131311124534338e-11, 7.26464091130891e-11, 5.614471530070072e-11, 6.549055001674691e-11, 6.713303190605164e-11, 6.957806409448562e-11, 7.128223391503694e-11, 7.216569957904755e-11]
[6.705054273795735e-11, 6.875308763473733e-11, 6.884582553834495e-11, 5.076881660432891e-11, 6.670944526534334e-11, 5.781532066854799e-11, 4.971514858815898e-11, 4.46798074543019e-11, 5.6493553589765255e-11, 7.174642550371847e-11, 5.334086763274081e-11, 4.310017535096121e-11, 4.944309249930915e-11, 4.708265017890486e-11, 7.161150125096827e-11, 5.7280650449135836e-11, 4.887700784707119e-11, 4.451294292256615e-11, 6.522637678642468e-11, 5.595118831826682e-11, 4.8502264847615007e-11, 6.344759168387304e-11, 6.334278793334436e-11, 6.149023970846055e-11]
[7.584934535076547e-11, 6.542733092232438e-11, 7.319461432975764e-11, 6.900794435342682e-11, 6.697587086056379e-11, 6.199953065596429e-11, 5.798555299472302e-11, 7.128183055919129e-11, 5.063465539492959e-11, 5.227968460944409e-11, 7.170445762294096e-11, 5.856526312349099e-11, 4.766604715982451e-11, 5.2529251804868584e-11, 6.316781653538467e-11, 5.279939876526385e-11, 5.2616620494314296e-11, 6.662944120946449e-11, 7.171188739735995e-11, 6.561410408481933e-11, 5.552002775138312e-11, 5.7968932787430214e-11, 4.658066256876604e-11, 4.108893090995729e-11]
[6.798046965769509e-11, 6.553436177473396e-11, 7.144207878328371e-11, 7.272128816431155e-11, 7.248556776518422e-11, 6.893454304906759e-11, 6.406688467148014e-11, 7.260997276734206e-11, 7.020770938889715e-11, 6.619840327042283e-11, 5.857323948547999e-11, 7.293162289999156e-11, 6.976257047852675e-11, 6.990370801113113e-11, 5.461736164126555e-11, 5.994487278873682e-11, 7.09119143613727e-11, 7.135457016145173e-11, 6.875572250723659e-11, 6.558949025974409e-11, 5.769396042523e-11, 6.991453467336727e-11, 6.92177753617664e-11, 6.415344922852242e-11]
[7.212901033122059e-11, 5.936627202321307e-11, 3.828434678185033e-11, 7.257878156589676e-11, 7.265310073895305e-11, 4.7857878013551545e-11, 5.258433972147653e-11, 3.9430764969382726e-11, 7.008408209831128e-11, 7.143089832788507e-11, 4.6880882345024397e-11, 5.318930726946393e-11, 4.9041607057053584e-11, 6.909973683747414e-11, 5.376798034205866e-11, 5.698393018756882e-11, 6.727577966793395e-11, 6.734246719113915e-11, 6.2565135645375e-11, 6.089614490746786e-11, 6.629222881015701e-11, 6.558748955994114e-11, 6.438065505926998e-11, 6.497506927894647e-11]
[6.110719497961928e-11, 6.490009148184572e-11, 6.595752840230268e-11, 6.731066959967135e-11, 5.763476156090986e-11, 4.8338929449411744e-11, 5.185143753020841e-11, 7.192118914743248e-11, 7.086871949824855e-11, 4.454705314817575e-11, 4.257028122215347e-11, 4.39620167594938e-11, 4.589660300712835e-11, 4.6687475731300375e-11, 4.5228353986613505e-11, 5.1629338436923093e-11, 5.927006438573353e-11, 7.07764579726567e-11, 4.6792379889380495e-11, 3.655282573193875e-11, 4.3579728059505116e-11, 6.102742492805514e-11, 6.750592626290527e-11, 4.9771708858278995e-11]
[4.4839944350446444e-11, 4.535509132224266e-11, 5.032688618566624e-11, 5.1052651098878624e-11, 4.7523060097548457e-11, 5.018876636655426e-11, 5.870395625843913e-11, 4.510001996318459e-11, 4.1657108725948096e-11, 4.228391305004547e-11, 4.591378034501303e-11, 4.3929942013846987e-11, 4.296194128602732e-11, 4.0379560958578206e-11, 5.345570948728278e-11, 7.105867741983908e-11, 5.7120814410243014e-11, 4.006330039993485e-11, 4.856142144283266e-11, 6.489880185535653e-11, 6.641396128046837e-11, 4.4286489009112705e-11, 3.998687087222485e-11, 6.053587220753406e-11]
[6.486890426444811e-11, 4.772300694620165e-11, 4.679936996021394e-11, 3.409627433132414e-11, 6.326247374429048e-11, 6.819175462848843e-11, 4.943594898720617e-11, 4.4951525949062146e-11, 3.506436248124987e-11, 5.826458896942192e-11, 6.082560099002881e-11, 4.5339207628572515e-11, 3.996214606865834e-11, 4.417577509902281e-11, 6.16006708476146e-11, 6.876779589973411e-11, 4.667221237503743e-11, 5.0289111306323934e-11, 7.131294890774844e-11, 6.287315233253874e-11, 4.527994286397288e-11, 6.672300434396312e-11, 6.73825674966912e-11, 4.640632701745087e-11]
[6.41738073307877e-11, 6.651022450689128e-11, 6.674263516294279e-11, 7.09312928879177e-11, 5.957502801735291e-11, 5.6371684963396274e-11, 5.315721521781366e-11, 6.88693520237823e-11, 6.17581766184283e-11, 4.831525041911543e-11, 4.282802397770482e-11, 5.10398990962537e-11, 6.546705691711836e-11, 6.533446771143129e-11, 4.119540483941568e-11, 5.334869532358723e-11, 4.405818982580736e-11, 3.961693359792276e-11, 4.374639286468267e-11, 4.2974336526500515e-11, 3.916040446462917e-11, 4.851545027224051e-11, 4.7697929281605304e-11, 3.788154732267679e-11]
[5.906089469668181e-11, 4.638263456112886e-11, 3.852447917590944e-11, 4.175140804496459e-11, 4.657698608337542e-11, 6.142844513071477e-11, 4.731568024189778e-11, 4.373123292534692e-11, 4.504564634521345e-11, 4.204227336587098e-11, 4.8781572152698e-11, 6.242413816420543e-11, 4.946225581806008e-11, 4.7005949760636707e-11, 5.416072333063348e-11, 5.7459159199149484e-11, 6.839058544135692e-11, 6.746947297091128e-11, 5.7499380098476627e-11, 5.870447430961478e-11, 5.374522004573362e-11, 5.493928357238358e-11, 6.96710818105729e-11, 5.958849163317526e-11]
[3.8070366181839045e-11, 3.9291213920593734e-11, 4.131748384342856e-11, 7.609636799453023e-11, 4.184831240420258e-11, 4.443730076887362e-11, 5.227723421393916e-11, 4.6238528844500195e-11, 5.869486681172778e-11, 4.430118067808213e-11, 4.6074195842887196e-11, 7.037507447228529e-11, 7.138547381833971e-11, 5.06176772687229e-11, 5.136505740954154e-11, 5.4965086717115565e-11, 5.409771486763198e-11, 6.964517495085503e-11, 5.761109297557314e-11, 5.132434755157816e-11, 5.571503768575003e-11, 6.249659911086304e-11, 6.570273295229092e-11, 6.518636289791494e-11]
[3.961777942306178e-11, 3.881062593015705e-11, 3.906407847007099e-11, 5.37214149139793e-11, 5.024261535361831e-11, 4.8930136476180175e-11, 4.3328054466497064e-11, 4.026451646717555e-11, 4.601832604068669e-11, 4.867237524242987e-11, 4.735448034987468e-11, 4.8498261954146114e-11, 5.2255519999343284e-11, 4.046143464675651e-11, 4.5577022484801515e-11, 5.732628492100074e-11, 5.878381583088442e-11, 6.203151039116363e-11, 4.158020056345051e-11, 4.8375565154107054e-11, 4.4649445074458345e-11, 4.3309099221095303e-11, 5.260536679426143e-11, 7.368158620370363e-11]
[5.351145799723033e-11, 5.0297254846978226e-11, 5.835071670421773e-11, 6.758751603154428e-11, 6.565029870944858e-11, 5.7130690893796574e-11, 6.365500227223034e-11, 4.4018963412478966e-11, 4.2657999559242084e-11, 4.8679121766128664e-11, 5.7307241964528975e-11, 6.233213378066298e-11, 6.543757221746159e-11, 7.221540881669832e-11, 4.4284060086478145e-11, 4.4388569539402554e-11, 4.424687085005697e-11, 4.590274494510104e-11, 6.58449942685716e-11, 7.363414556696677e-11, 3.868182795663031e-11, 3.885034921264693e-11, 5.4559287302670006e-11, 5.4574256722043856e-11]
[7.765953298208963e-11, 7.426600115927746e-11, 5.954584288440143e-11, 6.986368847962763e-11, 6.263459774816838e-11, 7.26702554402482e-11, 7.392514617396134e-11, 7.287053330875797e-11, 5.766815184471718e-11, 6.18793200263862e-11, 5.7275843539339214e-11, 5.979487384575753e-11, 6.633074581708371e-11, 5.127253565597244e-11, 5.544157523322044e-11, 5.588156273357043e-11, 5.1346799033163444e-11, 6.188951075521015e-11, 6.649207687812917e-11, 5.2339909186026796e-11, 4.4050261747741154e-11, 4.753015684070111e-11, 6.004283074278237e-11, 6.32988776055345e-11]
[7.342027409536426e-11, 7.211485529426475e-11, 7.422805696576609e-11, 7.225511344877135e-11, 6.962496563187494e-11, 7.020937557536251e-11, 7.297204646440245e-11, 6.935127577733651e-11, 6.142071850757096e-11, 5.536364856421578e-11, 7.278045236703314e-11, 5.0313056683162566e-11, 5.630277814295287e-11, 5.6654885323466e-11, 5.922584991274467e-11, 4.4340694145983186e-11, 4.593354564995787e-11, 4.718145494572416e-11, 4.947986296923536e-11, 7.361450854426439e-11, 3.626001935545611e-11, 3.6514982893536265e-11, 3.824427532858133e-11, 3.8003475112672456e-11]
[7.099064338578842e-11, 6.088632326330799e-11, 6.885814919079321e-11, 5.159931015686787e-11, 4.688890127013342e-11, 6.968407586357435e-11, 6.823918961215805e-11, 4.8231024889863074e-11, 5.266389624026565e-11, 5.0592166142961586e-11, 4.532740544928019e-11, 5.6087864822847076e-11, 6.872368316589859e-11, 4.9863143573732946e-11, 5.691145990533933e-11, 6.756374828784609e-11, 6.581620724200261e-11, 6.865023342639457e-11, 6.739161153911399e-11, 6.532522773914275e-11, 6.32983856636837e-11, 5.520733491715851e-11, 6.002155747059052e-11, 6.273320001032214e-11]
[5.6499141125017073e-11, 5.986171585184846e-11, 5.537328164528113e-11, 5.6590891154631896e-11, 6.092079360171407e-11, 6.17505672776654e-11, 5.947586985799627e-11, 5.90850325313156e-11, 5.987552558629502e-11, 6.811314837044867e-11, 6.727572834491642e-11, 6.052232613718514e-11, 6.78617904527484e-11, 6.368368231425238e-11, 6.07029949932131e-11, 5.54956990368893e-11, 7.158368872536058e-11, 7.253384055672508e-11, 6.196667022583217e-11, 7.168851243032618e-11, 6.902621932120828e-11, 7.196674623959796e-11, 7.269198434191733e-11, 7.549164921955318e-11]
[6.861629351660516e-11, 4.786579218688515e-11, 4.148441500206145e-11, 4.4334031798900203e-11, 5.0453350588931606e-11, 4.824057333878499e-11, 4.5803350969363507e-11, 5.148267150336777e-11, 5.2739249173909654e-11, 6.613127233410004e-11, 6.734341476051206e-11, 5.827056302783228e-11, 5.764168402732197e-11, 6.352478939454814e-11, 5.646779130806368e-11, 5.6521318221183347e-11, 6.048399919196153e-11, 5.6412452628897654e-11, 6.09239605105016e-11, 4.7275336326838027e-11, 5.256549516546605e-11, 5.465834351131711e-11, 5.4921797517976816e-11, 5.5084139268310834e-11]
[4.996760354460265e-11, 4.789435033883431e-11, 5.589613797342499e-11, 6.548353463137019e-11, 6.206676949285274e-11, 5.477352674697304e-11, 7.15111198635887e-11, 6.080735056680797e-11, 7.152824549636502e-11, 6.343210530500038e-11, 5.225447547445291e-11, 5.1324800448962425e-11, 5.285798443953003e-11, 7.140743771824686e-11, 5.4227259649719866e-11, 5.30390149504444e-11, 5.092824092665123e-11, 6.041633590405292e-11, 5.460723546237367e-11, 6.167625325484335e-11, 4.9600511521228127e-11, 4.2573692891831395e-11, 4.2221026115035764e-11, 4.755945351697575e-11]
[4.68534451692968e-11, 4.6622871893590814e-11, 4.6456009558361897e-11, 4.666674753311403e-11, 4.009085789321764e-11, 3.959227509651454e-11, 5.262195411769602e-11, 4.738451670553286e-11, 4.673995350348385e-11, 6.427929398120957e-11, 5.281604832821473e-11, 4.872910239443452e-11, 6.710176260238216e-11, 6.66551712912448e-11, 5.565971358250509e-11, 6.505786050320553e-11, 6.729281437265487e-11, 6.672788411165385e-11, 6.567398885232506e-11, 6.281895848714553e-11, 6.636521564982507e-11, 5.857104416967238e-11, 5.764265412038276e-11, 6.548662737452457e-11]
[3.570147489998136e-11, 4.1269197873607926e-11, 5.921616542283085e-11, 5.758842992448046e-11, 5.3040108659859064e-11, 4.6703643007190126e-11, 4.706941329940581e-11, 6.409256915917099e-11, 5.934681622770542e-11, 5.846409622368844e-11, 4.5359024546541377e-11, 4.6976930002952674e-11, 5.3920338078955567e-11, 6.632492917463633e-11, 5.358407422028111e-11, 6.042610585645234e-11, 7.059426374314384e-11, 6.86992775138429e-11, 6.59997752117095e-11, 7.062214954013301e-11, 7.227293836340535e-11, 6.931254238517279e-11, 7.195922685865321e-11, 7.26985808477183e-11]
[4.791217472479903e-11, 5.4134082428294775e-11, 4.441664719478294e-11, 3.789709298178802e-11, 4.209484401580876e-11, 5.702824353962621e-11, 5.390917335665779e-11, 5.2432291094470674e-11, 5.282538497474992e-11, 6.710807657650604e-11, 6.655275625162763e-11, 6.371367976745948e-11, 5.293809466874452e-11, 4.598885158888459e-11, 4.838254509352991e-11, 4.1185393639574775e-11, 5.531294335277622e-11, 5.4344794538506073e-11, 5.0632500423003246e-11, 7.056229461085001e-11, 5.1113604755561116e-11, 6.534156458634473e-11, 7.110993473129642e-11, 7.421153950524267e-11]
[5.968095479910954e-11, 6.243619179643556e-11, 6.46637944186376e-11, 6.54118280392027e-11, 7.363002996220644e-11, 6.23163712722569e-11, 6.625075846607885e-11, 4.392908307627374e-11, 5.474435918290668e-11, 6.42359156444435e-11, 6.786610470605987e-11, 7.126708658530186e-11, 4.1672596261846184e-11, 4.634905147648784e-11, 4.606618863078517e-11, 5.028298221185056e-11, 7.008783462515672e-11, 5.154520882145225e-11, 5.52702035842479e-11, 6.921011044583596e-11, 4.5730535241906164e-11, 4.876416696493264e-11, 6.818542953400735e-11, 7.161331883306618e-11]
[4.1271398802024754e-11, 4.880597094994681e-11, 5.934737763099601e-11, 5.736132672989953e-11, 4.463854497317174e-11, 6.774817208533132e-11, 6.853045386626341e-11, 6.258264789451836e-11, 5.925739153958329e-11, 5.062024853722242e-11, 5.849351936771946e-11, 5.927278408260225e-11, 6.80216624098588e-11, 5.5611220043094445e-11, 5.373272721403965e-11, 7.149683061134621e-11, 7.271888678218687e-11, 5.0050631476934563e-11, 5.518182324380061e-11, 5.5608188042678594e-11, 6.66823116451178e-11, 7.170264942975885e-11, 4.256197344933523e-11, 4.9319352702035797e-11]
[3.9057755389913006e-11, 4.5287876389608196e-11, 7.206843643747312e-11, 7.006008149320709e-11, 7.123733393161932e-11, 4.646031018805852e-11, 5.012826940098832e-11, 7.095607546473815e-11, 5.049224861330878e-11, 6.872278923406622e-11, 7.339466751191653e-11, 4.58777254901564e-11, 4.769764958619788e-11, 5.664002212872687e-11, 6.388059288653963e-11, 6.782149392627546e-11, 6.885852711845936e-11, 7.493248749074166e-11, 5.051736305163857e-11, 6.950663502566808e-11, 6.491423346689551e-11, 6.742216311439484e-11, 6.679467912289092e-11, 7.236822554248625e-11]
[7.038862721568703e-11, 5.623451212756042e-11, 7.791418988404256e-11, 5.182909503378924e-11, 4.6496200717037544e-11, 7.076022697723028e-11, 4.8008339303872154e-11, 4.9436935628413164e-11, 4.787755149606323e-11, 4.5465398834214044e-11, 5.91591261517912e-11, 7.179148679826614e-11, 5.129849019861803e-11, 4.49452118222975e-11, 6.456036270789274e-11, 3.5603348895907055e-11, 4.38230133774203e-11, 5.051968737804024e-11, 5.703203216330917e-11, 6.482072069969682e-11, 3.7702052601214617e-11, 4.1104401550592257e-11, 4.933937071791488e-11, 4.6168827711382185e-11]
[4.3050814472421874e-11, 4.7112808268846176e-11, 4.62064594739294e-11, 7.22707366063007e-11, 7.438514738602348e-11, 4.231632637275743e-11, 5.7839872980921365e-11, 4.525598387650999e-11, 7.148079191392046e-11, 6.892642153400229e-11, 6.822408506396357e-11, 5.426799831819054e-11, 5.99850051297484e-11, 6.986767317673781e-11, 7.015088843735647e-11, 5.756279837433556e-11, 5.351516821889023e-11, 5.584095729484319e-11, 6.855675250451176e-11, 6.885134586580557e-11, 6.358820359597358e-11, 6.401900730602124e-11, 6.734124736837386e-11, 7.123508167597206e-11]
[6.519672088115329e-11, 6.976567380540085e-11, 7.220579072471248e-11, 7.222890666628735e-11, 7.160383044542025e-11, 7.11902519441666e-11, 5.401685536661248e-11, 7.14924646191057e-11, 5.1078322856449365e-11, 4.798085594754422e-11, 4.693482257899864e-11, 5.850829549152572e-11, 5.555506980778963e-11, 4.9179827256874175e-11, 4.363269059645498e-11, 5.3813444241280523e-11, 5.486176184024727e-11, 4.9477581624810785e-11, 4.378846656996883e-11, 4.39065075724314e-11, 3.919689152685111e-11, 4.622141446963099e-11, 4.6067458957560163e-11, 5.340379202082923e-11]
[6.373075821027795e-11, 7.213743254459466e-11, 6.601366488468725e-11, 6.597303263518853e-11, 5.4885875397214625e-11, 6.947001272334658e-11, 6.891973134102435e-11, 4.981764884983124e-11, 4.734496655853241e-11, 6.044502943655972e-11, 6.76201572507312e-11, 4.752871279615965e-11, 4.7742204978306304e-11, 4.802706417513372e-11, 6.967104262848904e-11, 4.8348252701607434e-11, 5.350589353004724e-11, 6.829469291711577e-11, 3.4906760472426296e-11, 3.3829345917158106e-11, 4.358824294372436e-11, 6.692986911838591e-11, 6.626296269142557e-11, 6.107646025119071e-11]
[4.4974300842695886e-11, 3.461246930149347e-11, 3.4071979273298455e-11, 3.628605346921208e-11, 5.645037366095971e-11, 6.308459554334177e-11, 4.3428760740286524e-11, 4.4745813985691954e-11, 3.9815889111276636e-11, 5.671388732956342e-11, 5.993764414846456e-11, 5.6117527947948726e-11, 4.864396991259882e-11, 4.674722505198661e-11, 5.4999693936169123e-11, 4.180016720994118e-11, 5.863661691948915e-11, 5.6470472725163136e-11, 4.6129665827009135e-11, 6.577655522868282e-11, 7.417691705274179e-11, 6.627037582690353e-11, 6.137780314543322e-11, 6.643345926633734e-11]
[6.462845382910561e-11, 6.44603173028623e-11, 7.086392781532617e-11, 5.4606905856650766e-11, 6.340755130530894e-11, 6.535081126933648e-11, 5.415311265618755e-11, 4.6902271959946565e-11, 4.79211118342029e-11, 6.65656706325495e-11, 5.514830720696402e-11, 4.3814241771883505e-11, 6.899621323128043e-11, 5.580019141643465e-11, 4.164184718389506e-11, 3.6532388809302723e-11, 4.352827834006779e-11, 4.8366767774467525e-11, 6.51604824017791e-11, 5.15995186497872e-11, 3.523644397489998e-11, 3.6043222610064453e-11, 4.161476756262312e-11, 4.846790139407264e-11]
[6.465809952043435e-11, 6.440033922254048e-11, 7.177510982019378e-11, 6.689795459369112e-11, 7.12080686423819e-11, 7.261822927954462e-11, 7.175656917501095e-11, 6.616031533751995e-11, 5.853203764697918e-11, 5.3603188610282327e-11, 6.802493709459543e-11, 4.9916981707617525e-11, 4.913823340143766e-11, 5.118566708870338e-11, 4.65389028966806e-11, 6.969564373991157e-11, 4.253769636943675e-11, 4.7868085090682116e-11, 4.5990251805390856e-11, 4.5152786498351064e-11, 6.302683908790229e-11, 4.591681069761682e-11, 3.450786551006604e-11, 4.1467139619895035e-11]
[4.4541664831323294e-11, 6.630745508976987e-11, 5.602067108051143e-11, 5.280233920792288e-11, 5.1104435946747287e-11, 4.149052569389522e-11, 5.09382609107127e-11, 5.8106940118876457e-11, 4.756616567651808e-11, 5.338874811032281e-11, 7.253986438258039e-11, 7.274947367800683e-11, 3.8291273442658056e-11, 7.147391175337729e-11, 5.843614423175925e-11, 5.200618575457466e-11, 4.273454037820516e-11, 7.074452872401517e-11, 7.034020115908489e-11, 5.682671529030452e-11, 5.21221655915383e-11, 6.558318782465029e-11, 6.842399497762139e-11, 6.848763687347113e-11]
[6.818666627534863e-11, 6.934806192616494e-11, 5.996053175551741e-11, 7.001439264869498e-11, 6.947451663608704e-11, 6.528242191109636e-11, 7.226775997377675e-11, 7.052430731106847e-11, 6.165807087760914e-11, 6.61479197305518e-11, 6.287533294218717e-11, 6.452136154443591e-11, 6.338773227032431e-11, 7.035761003844812e-11, 7.159642588055944e-11, 4.908795433018916e-11, 5.5708656002857573e-11, 5.53635480093875e-11, 6.278803580106843e-11, 4.1450562603941675e-11, 5.224038667146489e-11, 7.197834885264189e-11, 7.083317841869599e-11, 7.327465228997545e-11]
[6.347914625632248e-11, 6.233644964214547e-11, 7.42905386297413e-11, 7.77019366368633e-11, 6.749955225646326e-11, 6.950523293323254e-11, 6.895486803503637e-11, 5.921632820744107e-11, 5.562670676894345e-11, 6.389170403084016e-11, 6.932248342591031e-11, 6.600302731134267e-11, 5.5021342561442934e-11, 5.600423188366338e-11, 6.814784775653332e-11, 6.708670479612579e-11, 5.5389827166942844e-11, 6.339911981072975e-11, 5.760010252458015e-11, 4.9125073185421034e-11, 5.453694305068992e-11, 6.341030112835061e-11, 4.1192969002377915e-11, 3.980475677463525e-11]
[6.776904840388625e-11, 5.040239991131745e-11, 5.046631016717627e-11, 5.0567311201717813e-11, 6.749894547704195e-11, 5.572352927437055e-11, 5.548388993931477e-11, 6.489978367388731e-11, 4.6915800535725065e-11, 6.695441820973666e-11, 6.557277574572087e-11, 6.941231457628749e-11, 4.756103872582765e-11, 5.868687686826236e-11, 6.858317686895186e-11, 6.848674218481754e-11, 4.498667738607407e-11, 6.646028713316587e-11, 6.606993696797131e-11, 6.991669974002998e-11, 4.1269953330229314e-11, 5.659221764058604e-11, 5.8170069284473725e-11, 6.976940427093407e-11]
[7.77370519918074e-11, 5.456963244152258e-11, 5.958968903957901e-11, 6.741353909789434e-11, 5.946901448890978e-11, 6.554602967141158e-11, 6.62553964135061e-11, 5.86461625736375e-11, 7.164092920473623e-11, 6.587923012107254e-11, 5.7578477518745535e-11, 5.3589674804862696e-11, 6.040329768313416e-11, 6.93394716598942e-11, 6.033897200722526e-11, 7.164759637697596e-11, 7.05880906576708e-11, 7.08977115098274e-11, 7.031958950461596e-11, 5.889171641620938e-11, 6.979752179587106e-11, 6.546429063679691e-11, 5.830318447171431e-11, 5.5650501926125626e-11]
[7.010612396100065e-11, 7.172893649208513e-11, 6.391030999559237e-11, 7.086997124649909e-11, 6.042310686160989e-11, 5.785404185009291e-11, 7.220412140351151e-11, 7.031162555071505e-11, 5.623489392977221e-11, 7.201705300724286e-11, 7.348448811305947e-11, 7.122204569971929e-11, 6.012067931390829e-11, 5.6234191871108794e-11, 6.191255204340909e-11, 6.205557906361247e-11, 5.58896196237177e-11, 6.305021274930665e-11, 6.166408886894296e-11, 6.318178829276386e-11, 5.75614961386656e-11, 6.343917697802465e-11, 6.492114542314881e-11, 5.816590342059815e-11]
[5.2123747145293164e-11, 4.854453484391825e-11, 4.531143117113485e-11, 5.225564797429615e-11, 5.7270479502002684e-11, 5.4653371124388365e-11, 5.3954466738803e-11, 6.512958505610164e-11, 5.17375796714535e-11, 5.251396449115234e-11, 6.415430297890925e-11, 6.077809534865825e-11, 5.867761406460854e-11, 4.898231542002019e-11, 4.866737933495254e-11, 6.366074526768331e-11, 6.682807550993288e-11, 4.8829306354304244e-11, 4.9424159192622466e-11, 4.84973569571286e-11, 7.257482186974618e-11, 6.181984188808315e-11, 5.2137022023035404e-11, 4.345206900425948e-11]
[3.8052601950975884e-11, 4.715466973258328e-11, 4.4014775831191245e-11, 3.755099364491318e-11, 4.46217640059566e-11, 4.6532236145438163e-11, 4.521902120281075e-11, 4.71479911007767e-11, 6.833972249975939e-11, 4.966031124318732e-11, 4.9007016232884537e-11, 4.991061554526551e-11, 7.168466495853999e-11, 7.090645389757541e-11, 5.61474644863064e-11, 7.062598926280911e-11, 5.250932630437029e-11, 6.958614094437197e-11, 4.846052001988512e-11, 4.815234749342035e-11, 5.308523838021735e-11, 7.030865496172389e-11, 6.994164341085653e-11, 7.223099075010272e-11]
[4.967425969603389e-11, 4.959976726168497e-11, 5.175035462164747e-11, 5.555251438981417e-11, 5.6391367044287424e-11, 6.818587056497601e-11, 6.603694366859534e-11, 5.7740186942840557e-11, 5.379330073727561e-11, 6.572412513018049e-11, 6.757799441018738e-11, 6.286168253449493e-11, 5.5465405528965155e-11, 6.716790233209782e-11, 7.076978983247583e-11, 6.752884621967488e-11, 6.675389955829468e-11, 6.618689453965051e-11, 5.976629520718971e-11, 5.16478264578899e-11, 5.257679513658183e-11, 5.651836239426139e-11, 5.519922391113206e-11, 5.387967330233493e-11]
[6.296117218761777e-11, 5.7666008660007297e-11, 5.841596145643734e-11, 7.080925081046484e-11, 6.979126492601492e-11, 6.722155313658533e-11, 6.45057440865369e-11, 7.145460567399086e-11, 5.7092354850068495e-11, 7.037754368423427e-11, 7.219633317016181e-11, 6.496495723480752e-11, 5.423846892055428e-11, 5.2940734321128876e-11, 5.425281353214764e-11, 7.076246963748423e-11, 5.05733692655087e-11, 4.566350284867937e-11, 7.220375068055569e-11, 6.409668161324297e-11, 6.056513213546514e-11, 6.189903591335755e-11, 5.010246598092185e-11, 4.177155777490004e-11]
[4.613086408021268e-11, 4.9333078306424714e-11, 7.150850393212038e-11, 4.633629936588827e-11, 4.644065095141598e-11, 6.909380640777234e-11, 6.699166648223963e-11, 4.721646713538586e-11, 7.100080545699143e-11, 5.968950374762996e-11, 6.264622538234622e-11, 4.4748455577327426e-11, 5.708289505998378e-11, 5.850148810004764e-11, 6.437552661427168e-11, 4.18685524085862e-11, 5.6752938788615566e-11, 6.583531142183621e-11, 6.470677026921314e-11, 4.382591414608612e-11, 5.650248818171732e-11, 6.192625360788202e-11, 6.246092982068307e-11, 5.526052408535984e-11]
[4.482309948534416e-11, 7.094027987577087e-11, 6.949590705173799e-11, 6.987180162985211e-11, 7.237202669038343e-11, 4.64425765742496e-11, 5.043166915602082e-11, 7.030117598072838e-11, 4.8717140179575215e-11, 4.7230674917643995e-11, 4.751393307690559e-11, 5.2550721860419985e-11, 4.992215252734755e-11, 5.5567883564512926e-11, 6.870780623706118e-11, 6.849536013716677e-11, 6.242328262544582e-11, 5.41837935121827e-11, 5.632252277893011e-11, 6.484584338679831e-11, 6.917588366192563e-11, 6.997691018482839e-11, 6.447153331229763e-11, 6.977342174372512e-11]
[5.969096495949958e-11, 6.38582004660829e-11, 7.054451383070596e-11, 4.635222214271105e-11, 4.417357690044497e-11, 5.446443611651895e-11, 6.310622883547088e-11, 6.832241794123894e-11, 4.787092699781332e-11, 4.785448926352872e-11, 6.542917147071647e-11, 6.857454068236336e-11, 4.694946919539582e-11, 7.250268072557623e-11, 7.118760742455693e-11, 7.030711871360695e-11, 7.038826907506498e-11, 6.419287960862081e-11, 3.98662138300244e-11, 6.955059623004847e-11, 6.284752767948061e-11, 4.098691866176945e-11, 7.265519430163378e-11, 6.506316679961809e-11]
[5.3047086116671116e-11, 5.184996549682628e-11, 5.6333863657941296e-11, 7.465678367340878e-11, 6.203781646621093e-11, 6.127663068397435e-11, 7.045528257326035e-11, 7.126964743884873e-11, 5.3213658062605987e-11, 5.77381928772117e-11, 7.251688857137742e-11, 5.5316343616137665e-11, 5.953503713447312e-11, 7.023819602147952e-11, 6.698993408168033e-11, 6.34339157007817e-11, 6.158987498908021e-11, 6.08657424068151e-11, 6.432307300494823e-11, 7.235259576060045e-11, 7.267018999757462e-11, 6.955794667629486e-11, 5.6837349663256346e-11, 5.541984729106281e-11]
[4.4161559504597326e-11, 6.79215616770695e-11, 5.911284301088284e-11, 6.129761444128438e-11, 6.654108169416146e-11, 6.408084234556108e-11, 6.065418748919969e-11, 6.304664278013149e-11, 6.765659696101625e-11, 5.798842695075473e-11, 5.36159252609601e-11, 5.587681688489116e-11, 4.647821136269591e-11, 5.981672688360639e-11, 5.0710173563862827e-11, 4.67082610838347e-11, 5.123770876692691e-11, 5.097650318811263e-11, 4.345461170554194e-11, 5.719761509180075e-11, 4.986316245928164e-11, 7.058052542973637e-11, 6.998786183956002e-11, 6.965711645319123e-11]
[6.607117935530458e-11, 6.59618490182574e-11, 7.617937711450963e-11, 6.004599287773254e-11, 6.037731125112657e-11, 7.181859909638523e-11, 5.47217095627407e-11, 5.6231257975689044e-11, 5.52383892629672e-11, 5.801505715081618e-11, 6.292084167425705e-11, 5.83227342168115e-11, 5.835053590483173e-11, 5.513598427861238e-11, 7.112365904665235e-11, 6.618419731647971e-11, 6.830364301066754e-11, 5.485745175411598e-11, 7.04529580918453e-11, 6.681255500641959e-11, 5.889974176901725e-11, 6.439252721119243e-11, 7.265252368991077e-11, 5.465174562494823e-11]
[5.7502646324414566e-11, 5.567522470066249e-11, 5.8180470547156704e-11, 6.484360831534563e-11, 5.904206561818409e-11, 5.568095715283626e-11, 6.615368171471229e-11, 6.444132107268199e-11, 5.860060288115505e-11, 5.582799593476448e-11, 6.15305603377257e-11, 6.460473228157404e-11, 6.64849142099464e-11, 5.839297671821946e-11, 5.165659809336473e-11, 4.7278181377743155e-11, 4.528981219930878e-11, 4.663919309933186e-11, 6.23772898861242e-11, 6.237762142346828e-11, 4.2748356886291135e-11, 3.779881068632566e-11, 4.3654349173581915e-11, 5.5620753166548434e-11]
[6.423415285514945e-11, 5.213689388077309e-11, 5.161813307423712e-11, 4.260538036854305e-11, 4.2014114878530934e-11, 6.31983184582645e-11, 6.900604626567478e-11, 5.3554006105864996e-11, 4.481777494922615e-11, 4.391999448826669e-11, 4.418657821268577e-11, 4.366544890082603e-11, 6.52433696404667e-11, 5.1658290404131077e-11, 4.3949402208748196e-11, 3.894308889628531e-11, 5.0823471004487105e-11, 5.59627688815566e-11, 5.713131862495644e-11, 4.8662358343624476e-11, 6.280434503276191e-11, 7.063997299037148e-11, 6.306430050050988e-11, 6.040534914229685e-11]
[4.901859219816723e-11, 5.165511443877671e-11, 6.046062573842312e-11, 5.6511355236769924e-11, 6.023069909631641e-11, 6.648746571667464e-11, 5.725395847301817e-11, 6.75554704881301e-11, 5.723198967249252e-11, 5.209881334528665e-11, 7.327895198636492e-11, 6.100618973700872e-11, 5.205832594833009e-11, 5.727690127273533e-11, 7.256775463081222e-11, 6.611436830369145e-11, 6.345097353756326e-11, 7.272013673339095e-11, 6.861835220489323e-11, 5.5837728067638764e-11, 5.509829413543948e-11, 6.8996702222521e-11, 6.699407816298432e-11, 6.682341835252516e-11]
[6.811897153951473e-11, 7.030591685551458e-11, 7.323548582481315e-11, 6.853359209031375e-11, 6.813278626337064e-11, 7.210821771567064e-11, 7.093908665953756e-11, 7.08632750822292e-11, 6.833234603309377e-11, 7.079326744064524e-11, 7.190755924758022e-11, 6.302916829075441e-11, 5.83871405843564e-11, 7.187818414416847e-11, 4.570158717743446e-11, 4.8406065697865006e-11, 4.428639158755407e-11, 6.81907494069129e-11, 3.8005754384292355e-11, 3.994081542070908e-11, 4.3410264919917465e-11, 4.248683154052887e-11, 4.8341852579902795e-11, 6.495277054198932e-11]
